0.0 0.25 1
0.0 0.255 1
0.0 0.26 1
0.0 0.265 1
0.0 0.27 1
0.0 0.275 1
0.0 0.28 1
0.0 0.28500000000000003 1
0.0 0.29000000000000004 1
0.0 0.29500000000000004 1
0.0 0.30000000000000004 1
0.0 0.30500000000000005 1
0.0 0.31000000000000005 1
0.0 0.31500000000000006 1
0.0 0.32000000000000006 1
0.0 0.32500000000000007 1
0.0 0.33000000000000007 1
0.0 0.3350000000000001 1
0.0 0.3400000000000001 1
0.0 0.3450000000000001 1
0.0 0.3500000000000001 1
0.0 0.3550000000000001 1
0.0 0.3600000000000001 1
0.0 0.3650000000000001 1
0.0 0.3700000000000001 1
0.0 0.3750000000000001 1
0.0 0.3800000000000001 1
0.0 0.3850000000000001 1
0.0 0.3900000000000001 1
0.0 0.39500000000000013 1
0.0 0.40000000000000013 1
0.0 0.40500000000000014 1
0.0 0.41000000000000014 1
0.0 0.41500000000000015 1
0.0 0.42000000000000015 1
0.0 0.42500000000000016 1
0.0 0.43000000000000016 1
0.0 0.43500000000000016 1
0.0 0.44000000000000017 1
0.0 0.4450000000000002 1
0.0 0.4500000000000002 1
0.0 0.4550000000000002 1
0.0 0.4600000000000002 1
0.0 0.4650000000000002 1
0.0 0.4700000000000002 1
0.0 0.4750000000000002 1
0.0 0.4800000000000002 1
0.0 0.4850000000000002 1
0.0 0.4900000000000002 1
0.0 0.4950000000000002 1
0.0 0.5000000000000002 1
0.0 0.5050000000000002 1
0.0 0.5100000000000002 1
0.0 0.5150000000000002 1
0.0 0.5200000000000002 1
0.0 0.5250000000000002 1
0.0 0.5300000000000002 1
0.0 0.5350000000000003 1
0.0 0.5400000000000003 1
0.0 0.5450000000000003 1
0.0 0.5500000000000003 1
0.5 0.25 1
0.5 0.255 1
0.5 0.26 1
0.5 0.265 1
0.5 0.27 1
0.5 0.275 1
0.5 0.28 1
0.5 0.28500000000000003 1
0.5 0.29000000000000004 1
0.5 0.29500000000000004 1
0.5 0.30000000000000004 1
0.5 0.30500000000000005 1
0.5 0.31000000000000005 1
0.5 0.31500000000000006 1
0.5 0.32000000000000006 1
0.5 0.32500000000000007 1
0.5 0.33000000000000007 1
0.5 0.3350000000000001 1
0.5 0.3400000000000001 1
0.5 0.3450000000000001 1
0.5 0.3500000000000001 1
0.5 0.3550000000000001 1
0.5 0.3600000000000001 1
0.5 0.3650000000000001 1
0.5 0.3700000000000001 1
0.5 0.3750000000000001 1
0.5 0.3800000000000001 1
0.5 0.3850000000000001 1
0.5 0.3900000000000001 1
0.5 0.39500000000000013 1
0.5 0.40000000000000013 1
0.5 0.40500000000000014 1
0.5 0.41000000000000014 1
0.5 0.41500000000000015 1
0.5 0.42000000000000015 1
0.5 0.42500000000000016 1
0.5 0.43000000000000016 1
0.5 0.43500000000000016 1
0.5 0.44000000000000017 1
0.5 0.4450000000000002 1
0.5 0.4500000000000002 1
0.5 0.4550000000000002 1
0.5 0.4600000000000002 1
0.5 0.4650000000000002 1
0.5 0.4700000000000002 1
0.5 0.4750000000000002 1
0.5 0.4800000000000002 1
0.5 0.4850000000000002 1
0.5 0.4900000000000002 1
0.5 0.4950000000000002 1
0.5 0.5000000000000002 1
0.5 0.5050000000000002 1
0.5 0.5100000000000002 1
0.5 0.5150000000000002 1
0.5 0.5200000000000002 1
0.5 0.5250000000000002 1
0.5 0.5300000000000002 1
0.5 0.5350000000000003 1
0.5 0.5400000000000003 1
0.5 0.5450000000000003 1
0.5 0.5500000000000003 1
1.0 0.25 1
1.0 0.255 1
1.0 0.26 1
1.0 0.265 1
1.0 0.27 1
1.0 0.275 1
1.0 0.28 1
1.0 0.28500000000000003 1
1.0 0.29000000000000004 1
1.0 0.29500000000000004 1
1.0 0.30000000000000004 1
1.0 0.30500000000000005 1
1.0 0.31000000000000005 1
1.0 0.31500000000000006 1
1.0 0.32000000000000006 1
1.0 0.32500000000000007 1
1.0 0.33000000000000007 1
1.0 0.3350000000000001 1
1.0 0.3400000000000001 1
1.0 0.3450000000000001 1
1.0 0.3500000000000001 1
1.0 0.3550000000000001 1
1.0 0.3600000000000001 1
1.0 0.3650000000000001 1
1.0 0.3700000000000001 1
1.0 0.3750000000000001 1
1.0 0.3800000000000001 1
1.0 0.3850000000000001 1
1.0 0.3900000000000001 1
1.0 0.39500000000000013 1
1.0 0.40000000000000013 1
1.0 0.40500000000000014 1
1.0 0.41000000000000014 1
1.0 0.41500000000000015 1
1.0 0.42000000000000015 1
1.0 0.42500000000000016 1
1.0 0.43000000000000016 1
1.0 0.43500000000000016 1
1.0 0.44000000000000017 1
1.0 0.4450000000000002 1
1.0 0.4500000000000002 1
1.0 0.4550000000000002 3
1.0 0.4600000000000002 3
1.0 0.4650000000000002 3
1.0 0.4700000000000002 3
1.0 0.4750000000000002 3
1.0 0.4800000000000002 3
1.0 0.4850000000000002 3
1.0 0.4900000000000002 3
1.0 0.4950000000000002 3
1.0 0.5000000000000002 3
1.0 0.5050000000000002 3
1.0 0.5100000000000002 3
1.0 0.5150000000000002 3
1.0 0.5200000000000002 3
1.0 0.5250000000000002 3
1.0 0.5300000000000002 3
1.0 0.5350000000000003 3
1.0 0.5400000000000003 3
1.0 0.5450000000000003 3
1.0 0.5500000000000003 3
1.5 0.25 1
1.5 0.255 1
1.5 0.26 1
1.5 0.265 1
1.5 0.27 1
1.5 0.275 1
1.5 0.28 1
1.5 0.28500000000000003 1
1.5 0.29000000000000004 1
1.5 0.29500000000000004 1
1.5 0.30000000000000004 1
1.5 0.30500000000000005 1
1.5 0.31000000000000005 1
1.5 0.31500000000000006 1
1.5 0.32000000000000006 1
1.5 0.32500000000000007 1
1.5 0.33000000000000007 1
1.5 0.3350000000000001 1
1.5 0.3400000000000001 1
1.5 0.3450000000000001 1
1.5 0.3500000000000001 1
1.5 0.3550000000000001 1
1.5 0.3600000000000001 1
1.5 0.3650000000000001 1
1.5 0.3700000000000001 1
1.5 0.3750000000000001 1
1.5 0.3800000000000001 3
1.5 0.3850000000000001 3
1.5 0.3900000000000001 3
1.5 0.39500000000000013 3
1.5 0.40000000000000013 3
1.5 0.40500000000000014 3
1.5 0.41000000000000014 3
1.5 0.41500000000000015 3
1.5 0.42000000000000015 3
1.5 0.42500000000000016 3
1.5 0.43000000000000016 3
1.5 0.43500000000000016 3
1.5 0.44000000000000017 3
1.5 0.4450000000000002 3
1.5 0.4500000000000002 3
1.5 0.4550000000000002 3
1.5 0.4600000000000002 3
1.5 0.4650000000000002 3
1.5 0.4700000000000002 3
1.5 0.4750000000000002 3
1.5 0.4800000000000002 3
1.5 0.4850000000000002 3
1.5 0.4900000000000002 3
1.5 0.4950000000000002 3
1.5 0.5000000000000002 3
1.5 0.5050000000000002 3
1.5 0.5100000000000002 3
1.5 0.5150000000000002 3
1.5 0.5200000000000002 3
1.5 0.5250000000000002 3
1.5 0.5300000000000002 3
1.5 0.5350000000000003 3
1.5 0.5400000000000003 3
1.5 0.5450000000000003 3
1.5 0.5500000000000003 3
2.0 0.25 1
2.0 0.255 1
2.0 0.26 1
2.0 0.265 1
2.0 0.27 1
2.0 0.275 1
2.0 0.28 1
2.0 0.28500000000000003 1
2.0 0.29000000000000004 1
2.0 0.29500000000000004 1
2.0 0.30000000000000004 1
2.0 0.30500000000000005 1
2.0 0.31000000000000005 1
2.0 0.31500000000000006 1
2.0 0.32000000000000006 1
2.0 0.32500000000000007 1
2.0 0.33000000000000007 1
2.0 0.3350000000000001 1
2.0 0.3400000000000001 1
2.0 0.3450000000000001 1
2.0 0.3500000000000001 1
2.0 0.3550000000000001 3
2.0 0.3600000000000001 3
2.0 0.3650000000000001 3
2.0 0.3700000000000001 3
2.0 0.3750000000000001 3
2.0 0.3800000000000001 3
2.0 0.3850000000000001 3
2.0 0.3900000000000001 3
2.0 0.39500000000000013 3
2.0 0.40000000000000013 3
2.0 0.40500000000000014 3
2.0 0.41000000000000014 3
2.0 0.41500000000000015 3
2.0 0.42000000000000015 3
2.0 0.42500000000000016 3
2.0 0.43000000000000016 3
2.0 0.43500000000000016 3
2.0 0.44000000000000017 3
2.0 0.4450000000000002 3
2.0 0.4500000000000002 3
2.0 0.4550000000000002 3
2.0 0.4600000000000002 3
2.0 0.4650000000000002 3
2.0 0.4700000000000002 3
2.0 0.4750000000000002 3
2.0 0.4800000000000002 3
2.0 0.4850000000000002 3
2.0 0.4900000000000002 3
2.0 0.4950000000000002 3
2.0 0.5000000000000002 3
2.0 0.5050000000000002 3
2.0 0.5100000000000002 3
2.0 0.5150000000000002 3
2.0 0.5200000000000002 3
2.0 0.5250000000000002 3
2.0 0.5300000000000002 3
2.0 0.5350000000000003 3
2.0 0.5400000000000003 3
2.0 0.5450000000000003 3
2.0 0.5500000000000003 3
2.5 0.25 1
2.5 0.255 1
2.5 0.26 1
2.5 0.265 1
2.5 0.27 1
2.5 0.275 1
2.5 0.28 1
2.5 0.28500000000000003 1
2.5 0.29000000000000004 1
2.5 0.29500000000000004 1
2.5 0.30000000000000004 1
2.5 0.30500000000000005 1
2.5 0.31000000000000005 1
2.5 0.31500000000000006 1
2.5 0.32000000000000006 1
2.5 0.32500000000000007 1
2.5 0.33000000000000007 1
2.5 0.3350000000000001 1
2.5 0.3400000000000001 3
2.5 0.3450000000000001 3
2.5 0.3500000000000001 3
2.5 0.3550000000000001 3
2.5 0.3600000000000001 3
2.5 0.3650000000000001 3
2.5 0.3700000000000001 3
2.5 0.3750000000000001 3
2.5 0.3800000000000001 3
2.5 0.3850000000000001 3
2.5 0.3900000000000001 3
2.5 0.39500000000000013 3
2.5 0.40000000000000013 3
2.5 0.40500000000000014 3
2.5 0.41000000000000014 3
2.5 0.41500000000000015 3
2.5 0.42000000000000015 3
2.5 0.42500000000000016 3
2.5 0.43000000000000016 3
2.5 0.43500000000000016 3
2.5 0.44000000000000017 3
2.5 0.4450000000000002 3
2.5 0.4500000000000002 3
2.5 0.4550000000000002 3
2.5 0.4600000000000002 3
2.5 0.4650000000000002 3
2.5 0.4700000000000002 3
2.5 0.4750000000000002 3
2.5 0.4800000000000002 3
2.5 0.4850000000000002 3
2.5 0.4900000000000002 3
2.5 0.4950000000000002 3
2.5 0.5000000000000002 3
2.5 0.5050000000000002 3
2.5 0.5100000000000002 3
2.5 0.5150000000000002 3
2.5 0.5200000000000002 3
2.5 0.5250000000000002 3
2.5 0.5300000000000002 3
2.5 0.5350000000000003 3
2.5 0.5400000000000003 3
2.5 0.5450000000000003 3
2.5 0.5500000000000003 3
3.0 0.25 1
3.0 0.255 1
3.0 0.26 1
3.0 0.265 1
3.0 0.27 1
3.0 0.275 1
3.0 0.28 1
3.0 0.28500000000000003 1
3.0 0.29000000000000004 1
3.0 0.29500000000000004 1
3.0 0.30000000000000004 1
3.0 0.30500000000000005 1
3.0 0.31000000000000005 1
3.0 0.31500000000000006 1
3.0 0.32000000000000006 1
3.0 0.32500000000000007 1
3.0 0.33000000000000007 3
3.0 0.3350000000000001 3
3.0 0.3400000000000001 3
3.0 0.3450000000000001 3
3.0 0.3500000000000001 3
3.0 0.3550000000000001 3
3.0 0.3600000000000001 3
3.0 0.3650000000000001 3
3.0 0.3700000000000001 3
3.0 0.3750000000000001 3
3.0 0.3800000000000001 3
3.0 0.3850000000000001 3
3.0 0.3900000000000001 3
3.0 0.39500000000000013 3
3.0 0.40000000000000013 3
3.0 0.40500000000000014 3
3.0 0.41000000000000014 3
3.0 0.41500000000000015 3
3.0 0.42000000000000015 3
3.0 0.42500000000000016 3
3.0 0.43000000000000016 3
3.0 0.43500000000000016 3
3.0 0.44000000000000017 3
3.0 0.4450000000000002 3
3.0 0.4500000000000002 3
3.0 0.4550000000000002 3
3.0 0.4600000000000002 3
3.0 0.4650000000000002 3
3.0 0.4700000000000002 3
3.0 0.4750000000000002 3
3.0 0.4800000000000002 3
3.0 0.4850000000000002 3
3.0 0.4900000000000002 3
3.0 0.4950000000000002 3
3.0 0.5000000000000002 3
3.0 0.5050000000000002 3
3.0 0.5100000000000002 3
3.0 0.5150000000000002 3
3.0 0.5200000000000002 3
3.0 0.5250000000000002 3
3.0 0.5300000000000002 3
3.0 0.5350000000000003 3
3.0 0.5400000000000003 3
3.0 0.5450000000000003 3
3.0 0.5500000000000003 3
3.5 0.25 1
3.5 0.255 1
3.5 0.26 1
3.5 0.265 1
3.5 0.27 1
3.5 0.275 1
3.5 0.28 1
3.5 0.28500000000000003 1
3.5 0.29000000000000004 1
3.5 0.29500000000000004 1
3.5 0.30000000000000004 1
3.5 0.30500000000000005 1
3.5 0.31000000000000005 1
3.5 0.31500000000000006 1
3.5 0.32000000000000006 1
3.5 0.32500000000000007 3
3.5 0.33000000000000007 3
3.5 0.3350000000000001 3
3.5 0.3400000000000001 3
3.5 0.3450000000000001 3
3.5 0.3500000000000001 3
3.5 0.3550000000000001 3
3.5 0.3600000000000001 3
3.5 0.3650000000000001 3
3.5 0.3700000000000001 3
3.5 0.3750000000000001 3
3.5 0.3800000000000001 3
3.5 0.3850000000000001 3
3.5 0.3900000000000001 3
3.5 0.39500000000000013 3
3.5 0.40000000000000013 3
3.5 0.40500000000000014 3
3.5 0.41000000000000014 3
3.5 0.41500000000000015 3
3.5 0.42000000000000015 3
3.5 0.42500000000000016 3
3.5 0.43000000000000016 3
3.5 0.43500000000000016 3
3.5 0.44000000000000017 3
3.5 0.4450000000000002 3
3.5 0.4500000000000002 3
3.5 0.4550000000000002 3
3.5 0.4600000000000002 3
3.5 0.4650000000000002 3
3.5 0.4700000000000002 3
3.5 0.4750000000000002 3
3.5 0.4800000000000002 3
3.5 0.4850000000000002 3
3.5 0.4900000000000002 3
3.5 0.4950000000000002 3
3.5 0.5000000000000002 3
3.5 0.5050000000000002 3
3.5 0.5100000000000002 3
3.5 0.5150000000000002 3
3.5 0.5200000000000002 3
3.5 0.5250000000000002 3
3.5 0.5300000000000002 3
3.5 0.5350000000000003 3
3.5 0.5400000000000003 3
3.5 0.5450000000000003 3
3.5 0.5500000000000003 3
4.0 0.25 1
4.0 0.255 1
4.0 0.26 1
4.0 0.265 1
4.0 0.27 1
4.0 0.275 1
4.0 0.28 1
4.0 0.28500000000000003 1
4.0 0.29000000000000004 1
4.0 0.29500000000000004 1
4.0 0.30000000000000004 1
4.0 0.30500000000000005 1
4.0 0.31000000000000005 1
4.0 0.31500000000000006 1
4.0 0.32000000000000006 3
4.0 0.32500000000000007 3
4.0 0.33000000000000007 3
4.0 0.3350000000000001 3
4.0 0.3400000000000001 3
4.0 0.3450000000000001 3
4.0 0.3500000000000001 3
4.0 0.3550000000000001 3
4.0 0.3600000000000001 3
4.0 0.3650000000000001 3
4.0 0.3700000000000001 3
4.0 0.3750000000000001 3
4.0 0.3800000000000001 3
4.0 0.3850000000000001 3
4.0 0.3900000000000001 3
4.0 0.39500000000000013 3
4.0 0.40000000000000013 3
4.0 0.40500000000000014 3
4.0 0.41000000000000014 3
4.0 0.41500000000000015 3
4.0 0.42000000000000015 3
4.0 0.42500000000000016 3
4.0 0.43000000000000016 3
4.0 0.43500000000000016 3
4.0 0.44000000000000017 3
4.0 0.4450000000000002 3
4.0 0.4500000000000002 3
4.0 0.4550000000000002 3
4.0 0.4600000000000002 3
4.0 0.4650000000000002 3
4.0 0.4700000000000002 3
4.0 0.4750000000000002 3
4.0 0.4800000000000002 3
4.0 0.4850000000000002 3
4.0 0.4900000000000002 3
4.0 0.4950000000000002 3
4.0 0.5000000000000002 3
4.0 0.5050000000000002 3
4.0 0.5100000000000002 3
4.0 0.5150000000000002 3
4.0 0.5200000000000002 3
4.0 0.5250000000000002 3
4.0 0.5300000000000002 3
4.0 0.5350000000000003 3
4.0 0.5400000000000003 3
4.0 0.5450000000000003 3
4.0 0.5500000000000003 3
4.5 0.25 1
4.5 0.255 1
4.5 0.26 1
4.5 0.265 1
4.5 0.27 1
4.5 0.275 1
4.5 0.28 1
4.5 0.28500000000000003 1
4.5 0.29000000000000004 1
4.5 0.29500000000000004 1
4.5 0.30000000000000004 1
4.5 0.30500000000000005 1
4.5 0.31000000000000005 1
4.5 0.31500000000000006 3
4.5 0.32000000000000006 3
4.5 0.32500000000000007 3
4.5 0.33000000000000007 3
4.5 0.3350000000000001 3
4.5 0.3400000000000001 3
4.5 0.3450000000000001 3
4.5 0.3500000000000001 3
4.5 0.3550000000000001 3
4.5 0.3600000000000001 3
4.5 0.3650000000000001 3
4.5 0.3700000000000001 3
4.5 0.3750000000000001 3
4.5 0.3800000000000001 3
4.5 0.3850000000000001 3
4.5 0.3900000000000001 3
4.5 0.39500000000000013 3
4.5 0.40000000000000013 3
4.5 0.40500000000000014 3
4.5 0.41000000000000014 3
4.5 0.41500000000000015 3
4.5 0.42000000000000015 3
4.5 0.42500000000000016 3
4.5 0.43000000000000016 3
4.5 0.43500000000000016 3
4.5 0.44000000000000017 3
4.5 0.4450000000000002 3
4.5 0.4500000000000002 3
4.5 0.4550000000000002 3
4.5 0.4600000000000002 3
4.5 0.4650000000000002 3
4.5 0.4700000000000002 3
4.5 0.4750000000000002 3
4.5 0.4800000000000002 3
4.5 0.4850000000000002 3
4.5 0.4900000000000002 3
4.5 0.4950000000000002 3
4.5 0.5000000000000002 3
4.5 0.5050000000000002 3
4.5 0.5100000000000002 3
4.5 0.5150000000000002 3
4.5 0.5200000000000002 3
4.5 0.5250000000000002 3
4.5 0.5300000000000002 3
4.5 0.5350000000000003 3
4.5 0.5400000000000003 3
4.5 0.5450000000000003 3
4.5 0.5500000000000003 3
