1e-05 0.0001 3
1e-05 0.00012589254117941674 3
1e-05 0.00015848931924611136 3
1e-05 0.00019952623149688798 3
1e-05 0.000251188643150958 3
1e-05 0.000316227766016838 3
1e-05 0.00039810717055349735 3
1e-05 0.0005011872336272724 3
1e-05 0.0006309573444801934 3
1e-05 0.0007943282347242816 3
1e-05 0.001 3
1e-05 0.0012589254117941675 3
1e-05 0.0015848931924611143 3
1e-05 0.00199526231496888 3
1e-05 0.002511886431509581 3
1e-05 0.0031622776601683794 3
1e-05 0.003981071705534973 3
1e-05 0.0050118723362727255 3
1e-05 0.006309573444801933 3
1e-05 0.007943282347242817 3
1e-05 0.01 3
1e-05 0.012589254117941677 3
1e-05 0.01584893192461114 3
1e-05 0.01995262314968881 1
1e-05 0.025118864315095826 1
1e-05 0.0316227766016838 1
1e-05 0.039810717055349734 1
1e-05 0.05011872336272725 1
1e-05 0.06309573444801937 1
1e-05 0.07943282347242822 1
1e-05 0.1 1
1e-05 0.12589254117941676 1
1e-05 0.1584893192461114 1
1e-05 0.1995262314968881 1
1e-05 0.25118864315095824 1
1e-05 0.31622776601683794 1
1e-05 0.39810717055349737 1
1e-05 0.5011872336272726 1
1e-05 0.6309573444801937 1
1e-05 0.7943282347242823 1
1.2589254117941673e-05 0.0001 3
1.2589254117941673e-05 0.00012589254117941674 3
1.2589254117941673e-05 0.00015848931924611136 3
1.2589254117941673e-05 0.00019952623149688798 3
1.2589254117941673e-05 0.000251188643150958 3
1.2589254117941673e-05 0.000316227766016838 3
1.2589254117941673e-05 0.00039810717055349735 3
1.2589254117941673e-05 0.0005011872336272724 3
1.2589254117941673e-05 0.0006309573444801934 3
1.2589254117941673e-05 0.0007943282347242816 3
1.2589254117941673e-05 0.001 3
1.2589254117941673e-05 0.0012589254117941675 3
1.2589254117941673e-05 0.0015848931924611143 3
1.2589254117941673e-05 0.00199526231496888 3
1.2589254117941673e-05 0.002511886431509581 3
1.2589254117941673e-05 0.0031622776601683794 3
1.2589254117941673e-05 0.003981071705534973 3
1.2589254117941673e-05 0.0050118723362727255 3
1.2589254117941673e-05 0.006309573444801933 3
1.2589254117941673e-05 0.007943282347242817 3
1.2589254117941673e-05 0.01 3
1.2589254117941673e-05 0.012589254117941677 3
1.2589254117941673e-05 0.01584893192461114 3
1.2589254117941673e-05 0.01995262314968881 1
1.2589254117941673e-05 0.025118864315095826 1
1.2589254117941673e-05 0.0316227766016838 1
1.2589254117941673e-05 0.039810717055349734 1
1.2589254117941673e-05 0.05011872336272725 1
1.2589254117941673e-05 0.06309573444801937 1
1.2589254117941673e-05 0.07943282347242822 1
1.2589254117941673e-05 0.1 1
1.2589254117941673e-05 0.12589254117941676 1
1.2589254117941673e-05 0.1584893192461114 1
1.2589254117941673e-05 0.1995262314968881 1
1.2589254117941673e-05 0.25118864315095824 1
1.2589254117941673e-05 0.31622776601683794 1
1.2589254117941673e-05 0.39810717055349737 1
1.2589254117941673e-05 0.5011872336272726 1
1.2589254117941673e-05 0.6309573444801937 1
1.2589254117941673e-05 0.7943282347242823 1
1.5848931924611138e-05 0.0001 3
1.5848931924611138e-05 0.00012589254117941674 3
1.5848931924611138e-05 0.00015848931924611136 3
1.5848931924611138e-05 0.00019952623149688798 3
1.5848931924611138e-05 0.000251188643150958 3
1.5848931924611138e-05 0.000316227766016838 3
1.5848931924611138e-05 0.00039810717055349735 3
1.5848931924611138e-05 0.0005011872336272724 3
1.5848931924611138e-05 0.0006309573444801934 3
1.5848931924611138e-05 0.0007943282347242816 3
1.5848931924611138e-05 0.001 3
1.5848931924611138e-05 0.0012589254117941675 3
1.5848931924611138e-05 0.0015848931924611143 3
1.5848931924611138e-05 0.00199526231496888 3
1.5848931924611138e-05 0.002511886431509581 3
1.5848931924611138e-05 0.0031622776601683794 3
1.5848931924611138e-05 0.003981071705534973 3
1.5848931924611138e-05 0.0050118723362727255 3
1.5848931924611138e-05 0.006309573444801933 3
1.5848931924611138e-05 0.007943282347242817 3
1.5848931924611138e-05 0.01 3
1.5848931924611138e-05 0.012589254117941677 3
1.5848931924611138e-05 0.01584893192461114 3
1.5848931924611138e-05 0.01995262314968881 1
1.5848931924611138e-05 0.025118864315095826 1
1.5848931924611138e-05 0.0316227766016838 1
1.5848931924611138e-05 0.039810717055349734 1
1.5848931924611138e-05 0.05011872336272725 1
1.5848931924611138e-05 0.06309573444801937 1
1.5848931924611138e-05 0.07943282347242822 1
1.5848931924611138e-05 0.1 1
1.5848931924611138e-05 0.12589254117941676 1
1.5848931924611138e-05 0.1584893192461114 1
1.5848931924611138e-05 0.1995262314968881 1
1.5848931924611138e-05 0.25118864315095824 1
1.5848931924611138e-05 0.31622776601683794 1
1.5848931924611138e-05 0.39810717055349737 1
1.5848931924611138e-05 0.5011872336272726 1
1.5848931924611138e-05 0.6309573444801937 1
1.5848931924611138e-05 0.7943282347242823 1
1.99526231496888e-05 0.0001 3
1.99526231496888e-05 0.00012589254117941674 3
1.99526231496888e-05 0.00015848931924611136 3
1.99526231496888e-05 0.00019952623149688798 3
1.99526231496888e-05 0.000251188643150958 3
1.99526231496888e-05 0.000316227766016838 3
1.99526231496888e-05 0.00039810717055349735 3
1.99526231496888e-05 0.0005011872336272724 3
1.99526231496888e-05 0.0006309573444801934 3
1.99526231496888e-05 0.0007943282347242816 3
1.99526231496888e-05 0.001 3
1.99526231496888e-05 0.0012589254117941675 3
1.99526231496888e-05 0.0015848931924611143 3
1.99526231496888e-05 0.00199526231496888 3
1.99526231496888e-05 0.002511886431509581 3
1.99526231496888e-05 0.0031622776601683794 3
1.99526231496888e-05 0.003981071705534973 3
1.99526231496888e-05 0.0050118723362727255 3
1.99526231496888e-05 0.006309573444801933 3
1.99526231496888e-05 0.007943282347242817 3
1.99526231496888e-05 0.01 3
1.99526231496888e-05 0.012589254117941677 3
1.99526231496888e-05 0.01584893192461114 3
1.99526231496888e-05 0.01995262314968881 1
1.99526231496888e-05 0.025118864315095826 1
1.99526231496888e-05 0.0316227766016838 1
1.99526231496888e-05 0.039810717055349734 1
1.99526231496888e-05 0.05011872336272725 1
1.99526231496888e-05 0.06309573444801937 1
1.99526231496888e-05 0.07943282347242822 1
1.99526231496888e-05 0.1 1
1.99526231496888e-05 0.12589254117941676 1
1.99526231496888e-05 0.1584893192461114 1
1.99526231496888e-05 0.1995262314968881 1
1.99526231496888e-05 0.25118864315095824 1
1.99526231496888e-05 0.31622776601683794 1
1.99526231496888e-05 0.39810717055349737 1
1.99526231496888e-05 0.5011872336272726 1
1.99526231496888e-05 0.6309573444801937 1
1.99526231496888e-05 0.7943282347242823 1
2.5118864315095805e-05 0.0001 3
2.5118864315095805e-05 0.00012589254117941674 3
2.5118864315095805e-05 0.00015848931924611136 3
2.5118864315095805e-05 0.00019952623149688798 3
2.5118864315095805e-05 0.000251188643150958 3
2.5118864315095805e-05 0.000316227766016838 3
2.5118864315095805e-05 0.00039810717055349735 3
2.5118864315095805e-05 0.0005011872336272724 3
2.5118864315095805e-05 0.0006309573444801934 3
2.5118864315095805e-05 0.0007943282347242816 3
2.5118864315095805e-05 0.001 3
2.5118864315095805e-05 0.0012589254117941675 3
2.5118864315095805e-05 0.0015848931924611143 3
2.5118864315095805e-05 0.00199526231496888 3
2.5118864315095805e-05 0.002511886431509581 3
2.5118864315095805e-05 0.0031622776601683794 3
2.5118864315095805e-05 0.003981071705534973 3
2.5118864315095805e-05 0.0050118723362727255 3
2.5118864315095805e-05 0.006309573444801933 3
2.5118864315095805e-05 0.007943282347242817 3
2.5118864315095805e-05 0.01 3
2.5118864315095805e-05 0.012589254117941677 3
2.5118864315095805e-05 0.01584893192461114 3
2.5118864315095805e-05 0.01995262314968881 1
2.5118864315095805e-05 0.025118864315095826 1
2.5118864315095805e-05 0.0316227766016838 1
2.5118864315095805e-05 0.039810717055349734 1
2.5118864315095805e-05 0.05011872336272725 1
2.5118864315095805e-05 0.06309573444801937 1
2.5118864315095805e-05 0.07943282347242822 1
2.5118864315095805e-05 0.1 1
2.5118864315095805e-05 0.12589254117941676 1
2.5118864315095805e-05 0.1584893192461114 1
2.5118864315095805e-05 0.1995262314968881 1
2.5118864315095805e-05 0.25118864315095824 1
2.5118864315095805e-05 0.31622776601683794 1
2.5118864315095805e-05 0.39810717055349737 1
2.5118864315095805e-05 0.5011872336272726 1
2.5118864315095805e-05 0.6309573444801937 1
2.5118864315095805e-05 0.7943282347242823 1
3.1622776601683795e-05 0.0001 3
3.1622776601683795e-05 0.00012589254117941674 3
3.1622776601683795e-05 0.00015848931924611136 3
3.1622776601683795e-05 0.00019952623149688798 3
3.1622776601683795e-05 0.000251188643150958 3
3.1622776601683795e-05 0.000316227766016838 3
3.1622776601683795e-05 0.00039810717055349735 3
3.1622776601683795e-05 0.0005011872336272724 3
3.1622776601683795e-05 0.0006309573444801934 3
3.1622776601683795e-05 0.0007943282347242816 3
3.1622776601683795e-05 0.001 3
3.1622776601683795e-05 0.0012589254117941675 3
3.1622776601683795e-05 0.0015848931924611143 3
3.1622776601683795e-05 0.00199526231496888 3
3.1622776601683795e-05 0.002511886431509581 3
3.1622776601683795e-05 0.0031622776601683794 3
3.1622776601683795e-05 0.003981071705534973 3
3.1622776601683795e-05 0.0050118723362727255 3
3.1622776601683795e-05 0.006309573444801933 3
3.1622776601683795e-05 0.007943282347242817 3
3.1622776601683795e-05 0.01 3
3.1622776601683795e-05 0.012589254117941677 3
3.1622776601683795e-05 0.01584893192461114 3
3.1622776601683795e-05 0.01995262314968881 1
3.1622776601683795e-05 0.025118864315095826 1
3.1622776601683795e-05 0.0316227766016838 1
3.1622776601683795e-05 0.039810717055349734 1
3.1622776601683795e-05 0.05011872336272725 1
3.1622776601683795e-05 0.06309573444801937 1
3.1622776601683795e-05 0.07943282347242822 1
3.1622776601683795e-05 0.1 1
3.1622776601683795e-05 0.12589254117941676 1
3.1622776601683795e-05 0.1584893192461114 1
3.1622776601683795e-05 0.1995262314968881 1
3.1622776601683795e-05 0.25118864315095824 1
3.1622776601683795e-05 0.31622776601683794 1
3.1622776601683795e-05 0.39810717055349737 1
3.1622776601683795e-05 0.5011872336272726 1
3.1622776601683795e-05 0.6309573444801937 1
3.1622776601683795e-05 0.7943282347242823 1
3.9810717055349735e-05 0.0001 3
3.9810717055349735e-05 0.00012589254117941674 3
3.9810717055349735e-05 0.00015848931924611136 3
3.9810717055349735e-05 0.00019952623149688798 3
3.9810717055349735e-05 0.000251188643150958 3
3.9810717055349735e-05 0.000316227766016838 3
3.9810717055349735e-05 0.00039810717055349735 3
3.9810717055349735e-05 0.0005011872336272724 3
3.9810717055349735e-05 0.0006309573444801934 3
3.9810717055349735e-05 0.0007943282347242816 3
3.9810717055349735e-05 0.001 3
3.9810717055349735e-05 0.0012589254117941675 3
3.9810717055349735e-05 0.0015848931924611143 3
3.9810717055349735e-05 0.00199526231496888 3
3.9810717055349735e-05 0.002511886431509581 3
3.9810717055349735e-05 0.0031622776601683794 3
3.9810717055349735e-05 0.003981071705534973 3
3.9810717055349735e-05 0.0050118723362727255 3
3.9810717055349735e-05 0.006309573444801933 3
3.9810717055349735e-05 0.007943282347242817 3
3.9810717055349735e-05 0.01 3
3.9810717055349735e-05 0.012589254117941677 3
3.9810717055349735e-05 0.01584893192461114 3
3.9810717055349735e-05 0.01995262314968881 1
3.9810717055349735e-05 0.025118864315095826 1
3.9810717055349735e-05 0.0316227766016838 1
3.9810717055349735e-05 0.039810717055349734 1
3.9810717055349735e-05 0.05011872336272725 1
3.9810717055349735e-05 0.06309573444801937 1
3.9810717055349735e-05 0.07943282347242822 1
3.9810717055349735e-05 0.1 1
3.9810717055349735e-05 0.12589254117941676 1
3.9810717055349735e-05 0.1584893192461114 1
3.9810717055349735e-05 0.1995262314968881 1
3.9810717055349735e-05 0.25118864315095824 1
3.9810717055349735e-05 0.31622776601683794 1
3.9810717055349735e-05 0.39810717055349737 1
3.9810717055349735e-05 0.5011872336272726 1
3.9810717055349735e-05 0.6309573444801937 1
3.9810717055349735e-05 0.7943282347242823 1
5.0118723362727245e-05 0.0001 3
5.0118723362727245e-05 0.00012589254117941674 3
5.0118723362727245e-05 0.00015848931924611136 3
5.0118723362727245e-05 0.00019952623149688798 3
5.0118723362727245e-05 0.000251188643150958 3
5.0118723362727245e-05 0.000316227766016838 3
5.0118723362727245e-05 0.00039810717055349735 3
5.0118723362727245e-05 0.0005011872336272724 3
5.0118723362727245e-05 0.0006309573444801934 3
5.0118723362727245e-05 0.0007943282347242816 3
5.0118723362727245e-05 0.001 3
5.0118723362727245e-05 0.0012589254117941675 3
5.0118723362727245e-05 0.0015848931924611143 3
5.0118723362727245e-05 0.00199526231496888 3
5.0118723362727245e-05 0.002511886431509581 3
5.0118723362727245e-05 0.0031622776601683794 3
5.0118723362727245e-05 0.003981071705534973 3
5.0118723362727245e-05 0.0050118723362727255 3
5.0118723362727245e-05 0.006309573444801933 3
5.0118723362727245e-05 0.007943282347242817 3
5.0118723362727245e-05 0.01 3
5.0118723362727245e-05 0.012589254117941677 3
5.0118723362727245e-05 0.01584893192461114 3
5.0118723362727245e-05 0.01995262314968881 1
5.0118723362727245e-05 0.025118864315095826 1
5.0118723362727245e-05 0.0316227766016838 1
5.0118723362727245e-05 0.039810717055349734 1
5.0118723362727245e-05 0.05011872336272725 1
5.0118723362727245e-05 0.06309573444801937 1
5.0118723362727245e-05 0.07943282347242822 1
5.0118723362727245e-05 0.1 1
5.0118723362727245e-05 0.12589254117941676 1
5.0118723362727245e-05 0.1584893192461114 1
5.0118723362727245e-05 0.1995262314968881 1
5.0118723362727245e-05 0.25118864315095824 1
5.0118723362727245e-05 0.31622776601683794 1
5.0118723362727245e-05 0.39810717055349737 1
5.0118723362727245e-05 0.5011872336272726 1
5.0118723362727245e-05 0.6309573444801937 1
5.0118723362727245e-05 0.7943282347242823 1
6.309573444801933e-05 0.0001 3
6.309573444801933e-05 0.00012589254117941674 3
6.309573444801933e-05 0.00015848931924611136 3
6.309573444801933e-05 0.00019952623149688798 3
6.309573444801933e-05 0.000251188643150958 3
6.309573444801933e-05 0.000316227766016838 3
6.309573444801933e-05 0.00039810717055349735 3
6.309573444801933e-05 0.0005011872336272724 3
6.309573444801933e-05 0.0006309573444801934 3
6.309573444801933e-05 0.0007943282347242816 3
6.309573444801933e-05 0.001 3
6.309573444801933e-05 0.0012589254117941675 3
6.309573444801933e-05 0.0015848931924611143 3
6.309573444801933e-05 0.00199526231496888 3
6.309573444801933e-05 0.002511886431509581 3
6.309573444801933e-05 0.0031622776601683794 3
6.309573444801933e-05 0.003981071705534973 3
6.309573444801933e-05 0.0050118723362727255 3
6.309573444801933e-05 0.006309573444801933 3
6.309573444801933e-05 0.007943282347242817 3
6.309573444801933e-05 0.01 3
6.309573444801933e-05 0.012589254117941677 3
6.309573444801933e-05 0.01584893192461114 3
6.309573444801933e-05 0.01995262314968881 1
6.309573444801933e-05 0.025118864315095826 1
6.309573444801933e-05 0.0316227766016838 1
6.309573444801933e-05 0.039810717055349734 1
6.309573444801933e-05 0.05011872336272725 1
6.309573444801933e-05 0.06309573444801937 1
6.309573444801933e-05 0.07943282347242822 1
6.309573444801933e-05 0.1 1
6.309573444801933e-05 0.12589254117941676 1
6.309573444801933e-05 0.1584893192461114 1
6.309573444801933e-05 0.1995262314968881 1
6.309573444801933e-05 0.25118864315095824 1
6.309573444801933e-05 0.31622776601683794 1
6.309573444801933e-05 0.39810717055349737 1
6.309573444801933e-05 0.5011872336272726 1
6.309573444801933e-05 0.6309573444801937 1
6.309573444801933e-05 0.7943282347242823 1
7.943282347242817e-05 0.0001 3
7.943282347242817e-05 0.00012589254117941674 3
7.943282347242817e-05 0.00015848931924611136 3
7.943282347242817e-05 0.00019952623149688798 3
7.943282347242817e-05 0.000251188643150958 3
7.943282347242817e-05 0.000316227766016838 3
7.943282347242817e-05 0.00039810717055349735 3
7.943282347242817e-05 0.0005011872336272724 3
7.943282347242817e-05 0.0006309573444801934 3
7.943282347242817e-05 0.0007943282347242816 3
7.943282347242817e-05 0.001 3
7.943282347242817e-05 0.0012589254117941675 3
7.943282347242817e-05 0.0015848931924611143 3
7.943282347242817e-05 0.00199526231496888 3
7.943282347242817e-05 0.002511886431509581 3
7.943282347242817e-05 0.0031622776601683794 3
7.943282347242817e-05 0.003981071705534973 3
7.943282347242817e-05 0.0050118723362727255 3
7.943282347242817e-05 0.006309573444801933 3
7.943282347242817e-05 0.007943282347242817 3
7.943282347242817e-05 0.01 3
7.943282347242817e-05 0.012589254117941677 3
7.943282347242817e-05 0.01584893192461114 3
7.943282347242817e-05 0.01995262314968881 1
7.943282347242817e-05 0.025118864315095826 1
7.943282347242817e-05 0.0316227766016838 1
7.943282347242817e-05 0.039810717055349734 1
7.943282347242817e-05 0.05011872336272725 1
7.943282347242817e-05 0.06309573444801937 1
7.943282347242817e-05 0.07943282347242822 1
7.943282347242817e-05 0.1 1
7.943282347242817e-05 0.12589254117941676 1
7.943282347242817e-05 0.1584893192461114 1
7.943282347242817e-05 0.1995262314968881 1
7.943282347242817e-05 0.25118864315095824 1
7.943282347242817e-05 0.31622776601683794 1
7.943282347242817e-05 0.39810717055349737 1
7.943282347242817e-05 0.5011872336272726 1
7.943282347242817e-05 0.6309573444801937 1
7.943282347242817e-05 0.7943282347242823 1
0.0001 0.0001 3
0.0001 0.00012589254117941674 3
0.0001 0.00015848931924611136 3
0.0001 0.00019952623149688798 3
0.0001 0.000251188643150958 3
0.0001 0.000316227766016838 3
0.0001 0.00039810717055349735 3
0.0001 0.0005011872336272724 3
0.0001 0.0006309573444801934 3
0.0001 0.0007943282347242816 3
0.0001 0.001 3
0.0001 0.0012589254117941675 3
0.0001 0.0015848931924611143 3
0.0001 0.00199526231496888 3
0.0001 0.002511886431509581 3
0.0001 0.0031622776601683794 3
0.0001 0.003981071705534973 3
0.0001 0.0050118723362727255 3
0.0001 0.006309573444801933 3
0.0001 0.007943282347242817 3
0.0001 0.01 3
0.0001 0.012589254117941677 3
0.0001 0.01584893192461114 3
0.0001 0.01995262314968881 1
0.0001 0.025118864315095826 1
0.0001 0.0316227766016838 1
0.0001 0.039810717055349734 1
0.0001 0.05011872336272725 1
0.0001 0.06309573444801937 1
0.0001 0.07943282347242822 1
0.0001 0.1 1
0.0001 0.12589254117941676 1
0.0001 0.1584893192461114 1
0.0001 0.1995262314968881 1
0.0001 0.25118864315095824 1
0.0001 0.31622776601683794 1
0.0001 0.39810717055349737 1
0.0001 0.5011872336272726 1
0.0001 0.6309573444801937 1
0.0001 0.7943282347242823 1
0.00012589254117941674 0.0001 3
0.00012589254117941674 0.00012589254117941674 3
0.00012589254117941674 0.00015848931924611136 3
0.00012589254117941674 0.00019952623149688798 3
0.00012589254117941674 0.000251188643150958 3
0.00012589254117941674 0.000316227766016838 3
0.00012589254117941674 0.00039810717055349735 3
0.00012589254117941674 0.0005011872336272724 3
0.00012589254117941674 0.0006309573444801934 3
0.00012589254117941674 0.0007943282347242816 3
0.00012589254117941674 0.001 3
0.00012589254117941674 0.0012589254117941675 3
0.00012589254117941674 0.0015848931924611143 3
0.00012589254117941674 0.00199526231496888 3
0.00012589254117941674 0.002511886431509581 3
0.00012589254117941674 0.0031622776601683794 3
0.00012589254117941674 0.003981071705534973 3
0.00012589254117941674 0.0050118723362727255 3
0.00012589254117941674 0.006309573444801933 3
0.00012589254117941674 0.007943282347242817 3
0.00012589254117941674 0.01 3
0.00012589254117941674 0.012589254117941677 3
0.00012589254117941674 0.01584893192461114 3
0.00012589254117941674 0.01995262314968881 1
0.00012589254117941674 0.025118864315095826 1
0.00012589254117941674 0.0316227766016838 1
0.00012589254117941674 0.039810717055349734 1
0.00012589254117941674 0.05011872336272725 1
0.00012589254117941674 0.06309573444801937 1
0.00012589254117941674 0.07943282347242822 1
0.00012589254117941674 0.1 1
0.00012589254117941674 0.12589254117941676 1
0.00012589254117941674 0.1584893192461114 1
0.00012589254117941674 0.1995262314968881 1
0.00012589254117941674 0.25118864315095824 1
0.00012589254117941674 0.31622776601683794 1
0.00012589254117941674 0.39810717055349737 1
0.00012589254117941674 0.5011872336272726 1
0.00012589254117941674 0.6309573444801937 1
0.00012589254117941674 0.7943282347242823 1
0.00015848931924611142 0.0001 3
0.00015848931924611142 0.00012589254117941674 3
0.00015848931924611142 0.00015848931924611136 3
0.00015848931924611142 0.00019952623149688798 3
0.00015848931924611142 0.000251188643150958 3
0.00015848931924611142 0.000316227766016838 3
0.00015848931924611142 0.00039810717055349735 3
0.00015848931924611142 0.0005011872336272724 3
0.00015848931924611142 0.0006309573444801934 3
0.00015848931924611142 0.0007943282347242816 3
0.00015848931924611142 0.001 3
0.00015848931924611142 0.0012589254117941675 3
0.00015848931924611142 0.0015848931924611143 3
0.00015848931924611142 0.00199526231496888 3
0.00015848931924611142 0.002511886431509581 3
0.00015848931924611142 0.0031622776601683794 3
0.00015848931924611142 0.003981071705534973 3
0.00015848931924611142 0.0050118723362727255 3
0.00015848931924611142 0.006309573444801933 3
0.00015848931924611142 0.007943282347242817 3
0.00015848931924611142 0.01 3
0.00015848931924611142 0.012589254117941677 3
0.00015848931924611142 0.01584893192461114 3
0.00015848931924611142 0.01995262314968881 1
0.00015848931924611142 0.025118864315095826 1
0.00015848931924611142 0.0316227766016838 1
0.00015848931924611142 0.039810717055349734 1
0.00015848931924611142 0.05011872336272725 1
0.00015848931924611142 0.06309573444801937 1
0.00015848931924611142 0.07943282347242822 1
0.00015848931924611142 0.1 1
0.00015848931924611142 0.12589254117941676 1
0.00015848931924611142 0.1584893192461114 1
0.00015848931924611142 0.1995262314968881 1
0.00015848931924611142 0.25118864315095824 1
0.00015848931924611142 0.31622776601683794 1
0.00015848931924611142 0.39810717055349737 1
0.00015848931924611142 0.5011872336272726 1
0.00015848931924611142 0.6309573444801937 1
0.00015848931924611142 0.7943282347242823 1
0.00019952623149688798 0.0001 3
0.00019952623149688798 0.00012589254117941674 3
0.00019952623149688798 0.00015848931924611136 3
0.00019952623149688798 0.00019952623149688798 3
0.00019952623149688798 0.000251188643150958 3
0.00019952623149688798 0.000316227766016838 3
0.00019952623149688798 0.00039810717055349735 3
0.00019952623149688798 0.0005011872336272724 3
0.00019952623149688798 0.0006309573444801934 3
0.00019952623149688798 0.0007943282347242816 3
0.00019952623149688798 0.001 3
0.00019952623149688798 0.0012589254117941675 3
0.00019952623149688798 0.0015848931924611143 3
0.00019952623149688798 0.00199526231496888 3
0.00019952623149688798 0.002511886431509581 3
0.00019952623149688798 0.0031622776601683794 3
0.00019952623149688798 0.003981071705534973 3
0.00019952623149688798 0.0050118723362727255 3
0.00019952623149688798 0.006309573444801933 3
0.00019952623149688798 0.007943282347242817 3
0.00019952623149688798 0.01 3
0.00019952623149688798 0.012589254117941677 3
0.00019952623149688798 0.01584893192461114 3
0.00019952623149688798 0.01995262314968881 1
0.00019952623149688798 0.025118864315095826 1
0.00019952623149688798 0.0316227766016838 1
0.00019952623149688798 0.039810717055349734 1
0.00019952623149688798 0.05011872336272725 1
0.00019952623149688798 0.06309573444801937 1
0.00019952623149688798 0.07943282347242822 1
0.00019952623149688798 0.1 1
0.00019952623149688798 0.12589254117941676 1
0.00019952623149688798 0.1584893192461114 1
0.00019952623149688798 0.1995262314968881 1
0.00019952623149688798 0.25118864315095824 1
0.00019952623149688798 0.31622776601683794 1
0.00019952623149688798 0.39810717055349737 1
0.00019952623149688798 0.5011872336272726 1
0.00019952623149688798 0.6309573444801937 1
0.00019952623149688798 0.7943282347242823 1
0.0002511886431509581 0.0001 3
0.0002511886431509581 0.00012589254117941674 3
0.0002511886431509581 0.00015848931924611136 3
0.0002511886431509581 0.00019952623149688798 3
0.0002511886431509581 0.000251188643150958 3
0.0002511886431509581 0.000316227766016838 3
0.0002511886431509581 0.00039810717055349735 3
0.0002511886431509581 0.0005011872336272724 3
0.0002511886431509581 0.0006309573444801934 3
0.0002511886431509581 0.0007943282347242816 3
0.0002511886431509581 0.001 3
0.0002511886431509581 0.0012589254117941675 3
0.0002511886431509581 0.0015848931924611143 3
0.0002511886431509581 0.00199526231496888 3
0.0002511886431509581 0.002511886431509581 3
0.0002511886431509581 0.0031622776601683794 3
0.0002511886431509581 0.003981071705534973 3
0.0002511886431509581 0.0050118723362727255 3
0.0002511886431509581 0.006309573444801933 3
0.0002511886431509581 0.007943282347242817 3
0.0002511886431509581 0.01 3
0.0002511886431509581 0.012589254117941677 3
0.0002511886431509581 0.01584893192461114 3
0.0002511886431509581 0.01995262314968881 1
0.0002511886431509581 0.025118864315095826 1
0.0002511886431509581 0.0316227766016838 1
0.0002511886431509581 0.039810717055349734 1
0.0002511886431509581 0.05011872336272725 1
0.0002511886431509581 0.06309573444801937 1
0.0002511886431509581 0.07943282347242822 1
0.0002511886431509581 0.1 1
0.0002511886431509581 0.12589254117941676 1
0.0002511886431509581 0.1584893192461114 1
0.0002511886431509581 0.1995262314968881 1
0.0002511886431509581 0.25118864315095824 1
0.0002511886431509581 0.31622776601683794 1
0.0002511886431509581 0.39810717055349737 1
0.0002511886431509581 0.5011872336272726 1
0.0002511886431509581 0.6309573444801937 1
0.0002511886431509581 0.7943282347242823 1
0.00031622776601683794 0.0001 3
0.00031622776601683794 0.00012589254117941674 3
0.00031622776601683794 0.00015848931924611136 3
0.00031622776601683794 0.00019952623149688798 3
0.00031622776601683794 0.000251188643150958 3
0.00031622776601683794 0.000316227766016838 3
0.00031622776601683794 0.00039810717055349735 3
0.00031622776601683794 0.0005011872336272724 3
0.00031622776601683794 0.0006309573444801934 3
0.00031622776601683794 0.0007943282347242816 3
0.00031622776601683794 0.001 3
0.00031622776601683794 0.0012589254117941675 3
0.00031622776601683794 0.0015848931924611143 3
0.00031622776601683794 0.00199526231496888 3
0.00031622776601683794 0.002511886431509581 3
0.00031622776601683794 0.0031622776601683794 3
0.00031622776601683794 0.003981071705534973 3
0.00031622776601683794 0.0050118723362727255 3
0.00031622776601683794 0.006309573444801933 3
0.00031622776601683794 0.007943282347242817 3
0.00031622776601683794 0.01 3
0.00031622776601683794 0.012589254117941677 3
0.00031622776601683794 0.01584893192461114 3
0.00031622776601683794 0.01995262314968881 1
0.00031622776601683794 0.025118864315095826 1
0.00031622776601683794 0.0316227766016838 1
0.00031622776601683794 0.039810717055349734 1
0.00031622776601683794 0.05011872336272725 1
0.00031622776601683794 0.06309573444801937 1
0.00031622776601683794 0.07943282347242822 1
0.00031622776601683794 0.1 1
0.00031622776601683794 0.12589254117941676 1
0.00031622776601683794 0.1584893192461114 1
0.00031622776601683794 0.1995262314968881 1
0.00031622776601683794 0.25118864315095824 1
0.00031622776601683794 0.31622776601683794 1
0.00031622776601683794 0.39810717055349737 1
0.00031622776601683794 0.5011872336272726 1
0.00031622776601683794 0.6309573444801937 1
0.00031622776601683794 0.7943282347242823 1
0.00039810717055349735 0.0001 3
0.00039810717055349735 0.00012589254117941674 3
0.00039810717055349735 0.00015848931924611136 3
0.00039810717055349735 0.00019952623149688798 3
0.00039810717055349735 0.000251188643150958 3
0.00039810717055349735 0.000316227766016838 3
0.00039810717055349735 0.00039810717055349735 3
0.00039810717055349735 0.0005011872336272724 3
0.00039810717055349735 0.0006309573444801934 3
0.00039810717055349735 0.0007943282347242816 3
0.00039810717055349735 0.001 3
0.00039810717055349735 0.0012589254117941675 3
0.00039810717055349735 0.0015848931924611143 3
0.00039810717055349735 0.00199526231496888 3
0.00039810717055349735 0.002511886431509581 3
0.00039810717055349735 0.0031622776601683794 3
0.00039810717055349735 0.003981071705534973 3
0.00039810717055349735 0.0050118723362727255 3
0.00039810717055349735 0.006309573444801933 3
0.00039810717055349735 0.007943282347242817 3
0.00039810717055349735 0.01 3
0.00039810717055349735 0.012589254117941677 3
0.00039810717055349735 0.01584893192461114 3
0.00039810717055349735 0.01995262314968881 1
0.00039810717055349735 0.025118864315095826 1
0.00039810717055349735 0.0316227766016838 1
0.00039810717055349735 0.039810717055349734 1
0.00039810717055349735 0.05011872336272725 1
0.00039810717055349735 0.06309573444801937 1
0.00039810717055349735 0.07943282347242822 1
0.00039810717055349735 0.1 1
0.00039810717055349735 0.12589254117941676 1
0.00039810717055349735 0.1584893192461114 1
0.00039810717055349735 0.1995262314968881 1
0.00039810717055349735 0.25118864315095824 1
0.00039810717055349735 0.31622776601683794 1
0.00039810717055349735 0.39810717055349737 1
0.00039810717055349735 0.5011872336272726 1
0.00039810717055349735 0.6309573444801937 1
0.00039810717055349735 0.7943282347242823 1
0.0005011872336272725 0.0001 3
0.0005011872336272725 0.00012589254117941674 3
0.0005011872336272725 0.00015848931924611136 3
0.0005011872336272725 0.00019952623149688798 3
0.0005011872336272725 0.000251188643150958 3
0.0005011872336272725 0.000316227766016838 3
0.0005011872336272725 0.00039810717055349735 3
0.0005011872336272725 0.0005011872336272724 3
0.0005011872336272725 0.0006309573444801934 3
0.0005011872336272725 0.0007943282347242816 3
0.0005011872336272725 0.001 3
0.0005011872336272725 0.0012589254117941675 3
0.0005011872336272725 0.0015848931924611143 3
0.0005011872336272725 0.00199526231496888 3
0.0005011872336272725 0.002511886431509581 3
0.0005011872336272725 0.0031622776601683794 3
0.0005011872336272725 0.003981071705534973 3
0.0005011872336272725 0.0050118723362727255 3
0.0005011872336272725 0.006309573444801933 3
0.0005011872336272725 0.007943282347242817 3
0.0005011872336272725 0.01 3
0.0005011872336272725 0.012589254117941677 3
0.0005011872336272725 0.01584893192461114 3
0.0005011872336272725 0.01995262314968881 1
0.0005011872336272725 0.025118864315095826 1
0.0005011872336272725 0.0316227766016838 1
0.0005011872336272725 0.039810717055349734 1
0.0005011872336272725 0.05011872336272725 1
0.0005011872336272725 0.06309573444801937 1
0.0005011872336272725 0.07943282347242822 1
0.0005011872336272725 0.1 1
0.0005011872336272725 0.12589254117941676 1
0.0005011872336272725 0.1584893192461114 1
0.0005011872336272725 0.1995262314968881 1
0.0005011872336272725 0.25118864315095824 1
0.0005011872336272725 0.31622776601683794 1
0.0005011872336272725 0.39810717055349737 1
0.0005011872336272725 0.5011872336272726 1
0.0005011872336272725 0.6309573444801937 1
0.0005011872336272725 0.7943282347242823 1
0.0006309573444801933 0.0001 3
0.0006309573444801933 0.00012589254117941674 3
0.0006309573444801933 0.00015848931924611136 3
0.0006309573444801933 0.00019952623149688798 3
0.0006309573444801933 0.000251188643150958 3
0.0006309573444801933 0.000316227766016838 3
0.0006309573444801933 0.00039810717055349735 3
0.0006309573444801933 0.0005011872336272724 3
0.0006309573444801933 0.0006309573444801934 3
0.0006309573444801933 0.0007943282347242816 3
0.0006309573444801933 0.001 3
0.0006309573444801933 0.0012589254117941675 3
0.0006309573444801933 0.0015848931924611143 3
0.0006309573444801933 0.00199526231496888 3
0.0006309573444801933 0.002511886431509581 3
0.0006309573444801933 0.0031622776601683794 3
0.0006309573444801933 0.003981071705534973 3
0.0006309573444801933 0.0050118723362727255 3
0.0006309573444801933 0.006309573444801933 3
0.0006309573444801933 0.007943282347242817 3
0.0006309573444801933 0.01 3
0.0006309573444801933 0.012589254117941677 3
0.0006309573444801933 0.01584893192461114 3
0.0006309573444801933 0.01995262314968881 1
0.0006309573444801933 0.025118864315095826 1
0.0006309573444801933 0.0316227766016838 1
0.0006309573444801933 0.039810717055349734 1
0.0006309573444801933 0.05011872336272725 1
0.0006309573444801933 0.06309573444801937 1
0.0006309573444801933 0.07943282347242822 1
0.0006309573444801933 0.1 1
0.0006309573444801933 0.12589254117941676 1
0.0006309573444801933 0.1584893192461114 1
0.0006309573444801933 0.1995262314968881 1
0.0006309573444801933 0.25118864315095824 1
0.0006309573444801933 0.31622776601683794 1
0.0006309573444801933 0.39810717055349737 1
0.0006309573444801933 0.5011872336272726 1
0.0006309573444801933 0.6309573444801937 1
0.0006309573444801933 0.7943282347242823 1
0.0007943282347242817 0.0001 3
0.0007943282347242817 0.00012589254117941674 3
0.0007943282347242817 0.00015848931924611136 3
0.0007943282347242817 0.00019952623149688798 3
0.0007943282347242817 0.000251188643150958 3
0.0007943282347242817 0.000316227766016838 3
0.0007943282347242817 0.00039810717055349735 3
0.0007943282347242817 0.0005011872336272724 3
0.0007943282347242817 0.0006309573444801934 3
0.0007943282347242817 0.0007943282347242816 3
0.0007943282347242817 0.001 3
0.0007943282347242817 0.0012589254117941675 3
0.0007943282347242817 0.0015848931924611143 3
0.0007943282347242817 0.00199526231496888 3
0.0007943282347242817 0.002511886431509581 3
0.0007943282347242817 0.0031622776601683794 3
0.0007943282347242817 0.003981071705534973 3
0.0007943282347242817 0.0050118723362727255 3
0.0007943282347242817 0.006309573444801933 3
0.0007943282347242817 0.007943282347242817 3
0.0007943282347242817 0.01 3
0.0007943282347242817 0.012589254117941677 3
0.0007943282347242817 0.01584893192461114 3
0.0007943282347242817 0.01995262314968881 1
0.0007943282347242817 0.025118864315095826 1
0.0007943282347242817 0.0316227766016838 1
0.0007943282347242817 0.039810717055349734 1
0.0007943282347242817 0.05011872336272725 1
0.0007943282347242817 0.06309573444801937 1
0.0007943282347242817 0.07943282347242822 1
0.0007943282347242817 0.1 1
0.0007943282347242817 0.12589254117941676 1
0.0007943282347242817 0.1584893192461114 1
0.0007943282347242817 0.1995262314968881 1
0.0007943282347242817 0.25118864315095824 1
0.0007943282347242817 0.31622776601683794 1
0.0007943282347242817 0.39810717055349737 1
0.0007943282347242817 0.5011872336272726 1
0.0007943282347242817 0.6309573444801937 1
0.0007943282347242817 0.7943282347242823 1
0.001 0.0001 3
0.001 0.00012589254117941674 3
0.001 0.00015848931924611136 3
0.001 0.00019952623149688798 3
0.001 0.000251188643150958 3
0.001 0.000316227766016838 3
0.001 0.00039810717055349735 3
0.001 0.0005011872336272724 3
0.001 0.0006309573444801934 3
0.001 0.0007943282347242816 3
0.001 0.001 3
0.001 0.0012589254117941675 3
0.001 0.0015848931924611143 3
0.001 0.00199526231496888 3
0.001 0.002511886431509581 3
0.001 0.0031622776601683794 3
0.001 0.003981071705534973 3
0.001 0.0050118723362727255 3
0.001 0.006309573444801933 3
0.001 0.007943282347242817 3
0.001 0.01 3
0.001 0.012589254117941677 3
0.001 0.01584893192461114 3
0.001 0.01995262314968881 1
0.001 0.025118864315095826 1
0.001 0.0316227766016838 1
0.001 0.039810717055349734 1
0.001 0.05011872336272725 1
0.001 0.06309573444801937 1
0.001 0.07943282347242822 1
0.001 0.1 1
0.001 0.12589254117941676 1
0.001 0.1584893192461114 1
0.001 0.1995262314968881 1
0.001 0.25118864315095824 1
0.001 0.31622776601683794 1
0.001 0.39810717055349737 1
0.001 0.5011872336272726 1
0.001 0.6309573444801937 1
0.001 0.7943282347242823 1
0.0012589254117941677 0.0001 3
0.0012589254117941677 0.00012589254117941674 3
0.0012589254117941677 0.00015848931924611136 3
0.0012589254117941677 0.00019952623149688798 3
0.0012589254117941677 0.000251188643150958 3
0.0012589254117941677 0.000316227766016838 3
0.0012589254117941677 0.00039810717055349735 3
0.0012589254117941677 0.0005011872336272724 3
0.0012589254117941677 0.0006309573444801934 3
0.0012589254117941677 0.0007943282347242816 3
0.0012589254117941677 0.001 3
0.0012589254117941677 0.0012589254117941675 3
0.0012589254117941677 0.0015848931924611143 3
0.0012589254117941677 0.00199526231496888 3
0.0012589254117941677 0.002511886431509581 3
0.0012589254117941677 0.0031622776601683794 3
0.0012589254117941677 0.003981071705534973 3
0.0012589254117941677 0.0050118723362727255 3
0.0012589254117941677 0.006309573444801933 3
0.0012589254117941677 0.007943282347242817 3
0.0012589254117941677 0.01 3
0.0012589254117941677 0.012589254117941677 3
0.0012589254117941677 0.01584893192461114 3
0.0012589254117941677 0.01995262314968881 1
0.0012589254117941677 0.025118864315095826 1
0.0012589254117941677 0.0316227766016838 1
0.0012589254117941677 0.039810717055349734 1
0.0012589254117941677 0.05011872336272725 1
0.0012589254117941677 0.06309573444801937 1
0.0012589254117941677 0.07943282347242822 1
0.0012589254117941677 0.1 1
0.0012589254117941677 0.12589254117941676 1
0.0012589254117941677 0.1584893192461114 1
0.0012589254117941677 0.1995262314968881 1
0.0012589254117941677 0.25118864315095824 1
0.0012589254117941677 0.31622776601683794 1
0.0012589254117941677 0.39810717055349737 1
0.0012589254117941677 0.5011872336272726 1
0.0012589254117941677 0.6309573444801937 1
0.0012589254117941677 0.7943282347242823 1
0.0015848931924611143 0.0001 3
0.0015848931924611143 0.00012589254117941674 3
0.0015848931924611143 0.00015848931924611136 3
0.0015848931924611143 0.00019952623149688798 3
0.0015848931924611143 0.000251188643150958 3
0.0015848931924611143 0.000316227766016838 3
0.0015848931924611143 0.00039810717055349735 3
0.0015848931924611143 0.0005011872336272724 3
0.0015848931924611143 0.0006309573444801934 3
0.0015848931924611143 0.0007943282347242816 3
0.0015848931924611143 0.001 3
0.0015848931924611143 0.0012589254117941675 3
0.0015848931924611143 0.0015848931924611143 3
0.0015848931924611143 0.00199526231496888 3
0.0015848931924611143 0.002511886431509581 3
0.0015848931924611143 0.0031622776601683794 3
0.0015848931924611143 0.003981071705534973 3
0.0015848931924611143 0.0050118723362727255 3
0.0015848931924611143 0.006309573444801933 3
0.0015848931924611143 0.007943282347242817 3
0.0015848931924611143 0.01 3
0.0015848931924611143 0.012589254117941677 3
0.0015848931924611143 0.01584893192461114 3
0.0015848931924611143 0.01995262314968881 1
0.0015848931924611143 0.025118864315095826 1
0.0015848931924611143 0.0316227766016838 1
0.0015848931924611143 0.039810717055349734 1
0.0015848931924611143 0.05011872336272725 1
0.0015848931924611143 0.06309573444801937 1
0.0015848931924611143 0.07943282347242822 1
0.0015848931924611143 0.1 1
0.0015848931924611143 0.12589254117941676 1
0.0015848931924611143 0.1584893192461114 1
0.0015848931924611143 0.1995262314968881 1
0.0015848931924611143 0.25118864315095824 1
0.0015848931924611143 0.31622776601683794 1
0.0015848931924611143 0.39810717055349737 1
0.0015848931924611143 0.5011872336272726 1
0.0015848931924611143 0.6309573444801937 1
0.0015848931924611143 0.7943282347242823 1
0.001995262314968881 0.0001 3
0.001995262314968881 0.00012589254117941674 3
0.001995262314968881 0.00015848931924611136 3
0.001995262314968881 0.00019952623149688798 3
0.001995262314968881 0.000251188643150958 3
0.001995262314968881 0.000316227766016838 3
0.001995262314968881 0.00039810717055349735 3
0.001995262314968881 0.0005011872336272724 3
0.001995262314968881 0.0006309573444801934 3
0.001995262314968881 0.0007943282347242816 3
0.001995262314968881 0.001 3
0.001995262314968881 0.0012589254117941675 3
0.001995262314968881 0.0015848931924611143 3
0.001995262314968881 0.00199526231496888 3
0.001995262314968881 0.002511886431509581 3
0.001995262314968881 0.0031622776601683794 3
0.001995262314968881 0.003981071705534973 3
0.001995262314968881 0.0050118723362727255 3
0.001995262314968881 0.006309573444801933 3
0.001995262314968881 0.007943282347242817 3
0.001995262314968881 0.01 3
0.001995262314968881 0.012589254117941677 3
0.001995262314968881 0.01584893192461114 3
0.001995262314968881 0.01995262314968881 1
0.001995262314968881 0.025118864315095826 1
0.001995262314968881 0.0316227766016838 1
0.001995262314968881 0.039810717055349734 1
0.001995262314968881 0.05011872336272725 1
0.001995262314968881 0.06309573444801937 1
0.001995262314968881 0.07943282347242822 1
0.001995262314968881 0.1 1
0.001995262314968881 0.12589254117941676 1
0.001995262314968881 0.1584893192461114 1
0.001995262314968881 0.1995262314968881 1
0.001995262314968881 0.25118864315095824 1
0.001995262314968881 0.31622776601683794 1
0.001995262314968881 0.39810717055349737 1
0.001995262314968881 0.5011872336272726 1
0.001995262314968881 0.6309573444801937 1
0.001995262314968881 0.7943282347242823 1
0.0025118864315095825 0.0001 3
0.0025118864315095825 0.00012589254117941674 3
0.0025118864315095825 0.00015848931924611136 3
0.0025118864315095825 0.00019952623149688798 3
0.0025118864315095825 0.000251188643150958 3
0.0025118864315095825 0.000316227766016838 3
0.0025118864315095825 0.00039810717055349735 3
0.0025118864315095825 0.0005011872336272724 3
0.0025118864315095825 0.0006309573444801934 3
0.0025118864315095825 0.0007943282347242816 3
0.0025118864315095825 0.001 3
0.0025118864315095825 0.0012589254117941675 3
0.0025118864315095825 0.0015848931924611143 3
0.0025118864315095825 0.00199526231496888 3
0.0025118864315095825 0.002511886431509581 3
0.0025118864315095825 0.0031622776601683794 3
0.0025118864315095825 0.003981071705534973 3
0.0025118864315095825 0.0050118723362727255 3
0.0025118864315095825 0.006309573444801933 3
0.0025118864315095825 0.007943282347242817 3
0.0025118864315095825 0.01 3
0.0025118864315095825 0.012589254117941677 3
0.0025118864315095825 0.01584893192461114 3
0.0025118864315095825 0.01995262314968881 1
0.0025118864315095825 0.025118864315095826 1
0.0025118864315095825 0.0316227766016838 1
0.0025118864315095825 0.039810717055349734 1
0.0025118864315095825 0.05011872336272725 1
0.0025118864315095825 0.06309573444801937 1
0.0025118864315095825 0.07943282347242822 1
0.0025118864315095825 0.1 1
0.0025118864315095825 0.12589254117941676 1
0.0025118864315095825 0.1584893192461114 1
0.0025118864315095825 0.1995262314968881 1
0.0025118864315095825 0.25118864315095824 1
0.0025118864315095825 0.31622776601683794 1
0.0025118864315095825 0.39810717055349737 1
0.0025118864315095825 0.5011872336272726 1
0.0025118864315095825 0.6309573444801937 1
0.0025118864315095825 0.7943282347242823 1
0.00316227766016838 0.0001 3
0.00316227766016838 0.00012589254117941674 3
0.00316227766016838 0.00015848931924611136 3
0.00316227766016838 0.00019952623149688798 3
0.00316227766016838 0.000251188643150958 3
0.00316227766016838 0.000316227766016838 3
0.00316227766016838 0.00039810717055349735 3
0.00316227766016838 0.0005011872336272724 3
0.00316227766016838 0.0006309573444801934 3
0.00316227766016838 0.0007943282347242816 3
0.00316227766016838 0.001 3
0.00316227766016838 0.0012589254117941675 3
0.00316227766016838 0.0015848931924611143 3
0.00316227766016838 0.00199526231496888 3
0.00316227766016838 0.002511886431509581 3
0.00316227766016838 0.0031622776601683794 3
0.00316227766016838 0.003981071705534973 3
0.00316227766016838 0.0050118723362727255 3
0.00316227766016838 0.006309573444801933 3
0.00316227766016838 0.007943282347242817 3
0.00316227766016838 0.01 3
0.00316227766016838 0.012589254117941677 3
0.00316227766016838 0.01584893192461114 3
0.00316227766016838 0.01995262314968881 1
0.00316227766016838 0.025118864315095826 1
0.00316227766016838 0.0316227766016838 1
0.00316227766016838 0.039810717055349734 1
0.00316227766016838 0.05011872336272725 1
0.00316227766016838 0.06309573444801937 1
0.00316227766016838 0.07943282347242822 1
0.00316227766016838 0.1 1
0.00316227766016838 0.12589254117941676 1
0.00316227766016838 0.1584893192461114 1
0.00316227766016838 0.1995262314968881 1
0.00316227766016838 0.25118864315095824 1
0.00316227766016838 0.31622776601683794 1
0.00316227766016838 0.39810717055349737 1
0.00316227766016838 0.5011872336272726 1
0.00316227766016838 0.6309573444801937 1
0.00316227766016838 0.7943282347242823 1
0.003981071705534973 0.0001 3
0.003981071705534973 0.00012589254117941674 3
0.003981071705534973 0.00015848931924611136 3
0.003981071705534973 0.00019952623149688798 3
0.003981071705534973 0.000251188643150958 3
0.003981071705534973 0.000316227766016838 3
0.003981071705534973 0.00039810717055349735 3
0.003981071705534973 0.0005011872336272724 3
0.003981071705534973 0.0006309573444801934 3
0.003981071705534973 0.0007943282347242816 3
0.003981071705534973 0.001 3
0.003981071705534973 0.0012589254117941675 3
0.003981071705534973 0.0015848931924611143 3
0.003981071705534973 0.00199526231496888 3
0.003981071705534973 0.002511886431509581 3
0.003981071705534973 0.0031622776601683794 3
0.003981071705534973 0.003981071705534973 3
0.003981071705534973 0.0050118723362727255 3
0.003981071705534973 0.006309573444801933 3
0.003981071705534973 0.007943282347242817 3
0.003981071705534973 0.01 3
0.003981071705534973 0.012589254117941677 3
0.003981071705534973 0.01584893192461114 3
0.003981071705534973 0.01995262314968881 1
0.003981071705534973 0.025118864315095826 1
0.003981071705534973 0.0316227766016838 1
0.003981071705534973 0.039810717055349734 1
0.003981071705534973 0.05011872336272725 1
0.003981071705534973 0.06309573444801937 1
0.003981071705534973 0.07943282347242822 1
0.003981071705534973 0.1 1
0.003981071705534973 0.12589254117941676 1
0.003981071705534973 0.1584893192461114 1
0.003981071705534973 0.1995262314968881 1
0.003981071705534973 0.25118864315095824 1
0.003981071705534973 0.31622776601683794 1
0.003981071705534973 0.39810717055349737 1
0.003981071705534973 0.5011872336272726 1
0.003981071705534973 0.6309573444801937 1
0.003981071705534973 0.7943282347242823 1
0.005011872336272725 0.0001 3
0.005011872336272725 0.00012589254117941674 3
0.005011872336272725 0.00015848931924611136 3
0.005011872336272725 0.00019952623149688798 3
0.005011872336272725 0.000251188643150958 3
0.005011872336272725 0.000316227766016838 3
0.005011872336272725 0.00039810717055349735 3
0.005011872336272725 0.0005011872336272724 3
0.005011872336272725 0.0006309573444801934 3
0.005011872336272725 0.0007943282347242816 3
0.005011872336272725 0.001 3
0.005011872336272725 0.0012589254117941675 3
0.005011872336272725 0.0015848931924611143 3
0.005011872336272725 0.00199526231496888 3
0.005011872336272725 0.002511886431509581 3
0.005011872336272725 0.0031622776601683794 3
0.005011872336272725 0.003981071705534973 3
0.005011872336272725 0.0050118723362727255 3
0.005011872336272725 0.006309573444801933 3
0.005011872336272725 0.007943282347242817 3
0.005011872336272725 0.01 3
0.005011872336272725 0.012589254117941677 3
0.005011872336272725 0.01584893192461114 3
0.005011872336272725 0.01995262314968881 1
0.005011872336272725 0.025118864315095826 1
0.005011872336272725 0.0316227766016838 1
0.005011872336272725 0.039810717055349734 1
0.005011872336272725 0.05011872336272725 1
0.005011872336272725 0.06309573444801937 1
0.005011872336272725 0.07943282347242822 1
0.005011872336272725 0.1 1
0.005011872336272725 0.12589254117941676 1
0.005011872336272725 0.1584893192461114 1
0.005011872336272725 0.1995262314968881 1
0.005011872336272725 0.25118864315095824 1
0.005011872336272725 0.31622776601683794 1
0.005011872336272725 0.39810717055349737 1
0.005011872336272725 0.5011872336272726 1
0.005011872336272725 0.6309573444801937 1
0.005011872336272725 0.7943282347242823 1
0.006309573444801937 0.0001 3
0.006309573444801937 0.00012589254117941674 3
0.006309573444801937 0.00015848931924611136 3
0.006309573444801937 0.00019952623149688798 3
0.006309573444801937 0.000251188643150958 3
0.006309573444801937 0.000316227766016838 3
0.006309573444801937 0.00039810717055349735 3
0.006309573444801937 0.0005011872336272724 3
0.006309573444801937 0.0006309573444801934 3
0.006309573444801937 0.0007943282347242816 3
0.006309573444801937 0.001 3
0.006309573444801937 0.0012589254117941675 3
0.006309573444801937 0.0015848931924611143 3
0.006309573444801937 0.00199526231496888 3
0.006309573444801937 0.002511886431509581 3
0.006309573444801937 0.0031622776601683794 3
0.006309573444801937 0.003981071705534973 3
0.006309573444801937 0.0050118723362727255 3
0.006309573444801937 0.006309573444801933 3
0.006309573444801937 0.007943282347242817 3
0.006309573444801937 0.01 3
0.006309573444801937 0.012589254117941677 3
0.006309573444801937 0.01584893192461114 3
0.006309573444801937 0.01995262314968881 1
0.006309573444801937 0.025118864315095826 1
0.006309573444801937 0.0316227766016838 1
0.006309573444801937 0.039810717055349734 1
0.006309573444801937 0.05011872336272725 1
0.006309573444801937 0.06309573444801937 1
0.006309573444801937 0.07943282347242822 1
0.006309573444801937 0.1 1
0.006309573444801937 0.12589254117941676 1
0.006309573444801937 0.1584893192461114 1
0.006309573444801937 0.1995262314968881 1
0.006309573444801937 0.25118864315095824 1
0.006309573444801937 0.31622776601683794 1
0.006309573444801937 0.39810717055349737 1
0.006309573444801937 0.5011872336272726 1
0.006309573444801937 0.6309573444801937 1
0.006309573444801937 0.7943282347242823 1
0.007943282347242822 0.0001 3
0.007943282347242822 0.00012589254117941674 3
0.007943282347242822 0.00015848931924611136 3
0.007943282347242822 0.00019952623149688798 3
0.007943282347242822 0.000251188643150958 3
0.007943282347242822 0.000316227766016838 3
0.007943282347242822 0.00039810717055349735 3
0.007943282347242822 0.0005011872336272724 3
0.007943282347242822 0.0006309573444801934 3
0.007943282347242822 0.0007943282347242816 3
0.007943282347242822 0.001 3
0.007943282347242822 0.0012589254117941675 3
0.007943282347242822 0.0015848931924611143 3
0.007943282347242822 0.00199526231496888 3
0.007943282347242822 0.002511886431509581 3
0.007943282347242822 0.0031622776601683794 3
0.007943282347242822 0.003981071705534973 3
0.007943282347242822 0.0050118723362727255 3
0.007943282347242822 0.006309573444801933 3
0.007943282347242822 0.007943282347242817 3
0.007943282347242822 0.01 3
0.007943282347242822 0.012589254117941677 3
0.007943282347242822 0.01584893192461114 3
0.007943282347242822 0.01995262314968881 1
0.007943282347242822 0.025118864315095826 1
0.007943282347242822 0.0316227766016838 1
0.007943282347242822 0.039810717055349734 1
0.007943282347242822 0.05011872336272725 1
0.007943282347242822 0.06309573444801937 1
0.007943282347242822 0.07943282347242822 1
0.007943282347242822 0.1 1
0.007943282347242822 0.12589254117941676 1
0.007943282347242822 0.1584893192461114 1
0.007943282347242822 0.1995262314968881 1
0.007943282347242822 0.25118864315095824 1
0.007943282347242822 0.31622776601683794 1
0.007943282347242822 0.39810717055349737 1
0.007943282347242822 0.5011872336272726 1
0.007943282347242822 0.6309573444801937 1
0.007943282347242822 0.7943282347242823 1
0.01 0.0001 3
0.01 0.00012589254117941674 3
0.01 0.00015848931924611136 3
0.01 0.00019952623149688798 3
0.01 0.000251188643150958 3
0.01 0.000316227766016838 3
0.01 0.00039810717055349735 3
0.01 0.0005011872336272724 3
0.01 0.0006309573444801934 3
0.01 0.0007943282347242816 3
0.01 0.001 3
0.01 0.0012589254117941675 3
0.01 0.0015848931924611143 3
0.01 0.00199526231496888 3
0.01 0.002511886431509581 3
0.01 0.0031622776601683794 3
0.01 0.003981071705534973 3
0.01 0.0050118723362727255 3
0.01 0.006309573444801933 3
0.01 0.007943282347242817 3
0.01 0.01 3
0.01 0.012589254117941677 3
0.01 0.01584893192461114 3
0.01 0.01995262314968881 1
0.01 0.025118864315095826 1
0.01 0.0316227766016838 1
0.01 0.039810717055349734 1
0.01 0.05011872336272725 1
0.01 0.06309573444801937 1
0.01 0.07943282347242822 1
0.01 0.1 1
0.01 0.12589254117941676 1
0.01 0.1584893192461114 1
0.01 0.1995262314968881 1
0.01 0.25118864315095824 1
0.01 0.31622776601683794 1
0.01 0.39810717055349737 1
0.01 0.5011872336272726 1
0.01 0.6309573444801937 1
0.01 0.7943282347242823 1
0.012589254117941677 0.0001 3
0.012589254117941677 0.00012589254117941674 3
0.012589254117941677 0.00015848931924611136 3
0.012589254117941677 0.00019952623149688798 3
0.012589254117941677 0.000251188643150958 3
0.012589254117941677 0.000316227766016838 3
0.012589254117941677 0.00039810717055349735 3
0.012589254117941677 0.0005011872336272724 3
0.012589254117941677 0.0006309573444801934 3
0.012589254117941677 0.0007943282347242816 3
0.012589254117941677 0.001 3
0.012589254117941677 0.0012589254117941675 3
0.012589254117941677 0.0015848931924611143 3
0.012589254117941677 0.00199526231496888 3
0.012589254117941677 0.002511886431509581 3
0.012589254117941677 0.0031622776601683794 3
0.012589254117941677 0.003981071705534973 3
0.012589254117941677 0.0050118723362727255 3
0.012589254117941677 0.006309573444801933 3
0.012589254117941677 0.007943282347242817 3
0.012589254117941677 0.01 3
0.012589254117941677 0.012589254117941677 3
0.012589254117941677 0.01584893192461114 3
0.012589254117941677 0.01995262314968881 1
0.012589254117941677 0.025118864315095826 1
0.012589254117941677 0.0316227766016838 1
0.012589254117941677 0.039810717055349734 1
0.012589254117941677 0.05011872336272725 1
0.012589254117941677 0.06309573444801937 1
0.012589254117941677 0.07943282347242822 1
0.012589254117941677 0.1 1
0.012589254117941677 0.12589254117941676 1
0.012589254117941677 0.1584893192461114 1
0.012589254117941677 0.1995262314968881 1
0.012589254117941677 0.25118864315095824 1
0.012589254117941677 0.31622776601683794 1
0.012589254117941677 0.39810717055349737 1
0.012589254117941677 0.5011872336272726 1
0.012589254117941677 0.6309573444801937 1
0.012589254117941677 0.7943282347242823 1
0.01584893192461114 0.0001 3
0.01584893192461114 0.00012589254117941674 3
0.01584893192461114 0.00015848931924611136 3
0.01584893192461114 0.00019952623149688798 3
0.01584893192461114 0.000251188643150958 3
0.01584893192461114 0.000316227766016838 3
0.01584893192461114 0.00039810717055349735 3
0.01584893192461114 0.0005011872336272724 3
0.01584893192461114 0.0006309573444801934 3
0.01584893192461114 0.0007943282347242816 3
0.01584893192461114 0.001 3
0.01584893192461114 0.0012589254117941675 3
0.01584893192461114 0.0015848931924611143 3
0.01584893192461114 0.00199526231496888 3
0.01584893192461114 0.002511886431509581 3
0.01584893192461114 0.0031622776601683794 3
0.01584893192461114 0.003981071705534973 3
0.01584893192461114 0.0050118723362727255 3
0.01584893192461114 0.006309573444801933 3
0.01584893192461114 0.007943282347242817 3
0.01584893192461114 0.01 3
0.01584893192461114 0.012589254117941677 3
0.01584893192461114 0.01584893192461114 3
0.01584893192461114 0.01995262314968881 1
0.01584893192461114 0.025118864315095826 1
0.01584893192461114 0.0316227766016838 1
0.01584893192461114 0.039810717055349734 1
0.01584893192461114 0.05011872336272725 1
0.01584893192461114 0.06309573444801937 1
0.01584893192461114 0.07943282347242822 1
0.01584893192461114 0.1 1
0.01584893192461114 0.12589254117941676 1
0.01584893192461114 0.1584893192461114 1
0.01584893192461114 0.1995262314968881 1
0.01584893192461114 0.25118864315095824 1
0.01584893192461114 0.31622776601683794 1
0.01584893192461114 0.39810717055349737 1
0.01584893192461114 0.5011872336272726 1
0.01584893192461114 0.6309573444801937 1
0.01584893192461114 0.7943282347242823 1
0.01995262314968881 0.0001 3
0.01995262314968881 0.00012589254117941674 3
0.01995262314968881 0.00015848931924611136 3
0.01995262314968881 0.00019952623149688798 3
0.01995262314968881 0.000251188643150958 3
0.01995262314968881 0.000316227766016838 3
0.01995262314968881 0.00039810717055349735 3
0.01995262314968881 0.0005011872336272724 3
0.01995262314968881 0.0006309573444801934 3
0.01995262314968881 0.0007943282347242816 3
0.01995262314968881 0.001 3
0.01995262314968881 0.0012589254117941675 3
0.01995262314968881 0.0015848931924611143 3
0.01995262314968881 0.00199526231496888 3
0.01995262314968881 0.002511886431509581 3
0.01995262314968881 0.0031622776601683794 3
0.01995262314968881 0.003981071705534973 3
0.01995262314968881 0.0050118723362727255 3
0.01995262314968881 0.006309573444801933 3
0.01995262314968881 0.007943282347242817 3
0.01995262314968881 0.01 3
0.01995262314968881 0.012589254117941677 3
0.01995262314968881 0.01584893192461114 3
0.01995262314968881 0.01995262314968881 1
0.01995262314968881 0.025118864315095826 1
0.01995262314968881 0.0316227766016838 1
0.01995262314968881 0.039810717055349734 1
0.01995262314968881 0.05011872336272725 1
0.01995262314968881 0.06309573444801937 1
0.01995262314968881 0.07943282347242822 1
0.01995262314968881 0.1 1
0.01995262314968881 0.12589254117941676 1
0.01995262314968881 0.1584893192461114 1
0.01995262314968881 0.1995262314968881 1
0.01995262314968881 0.25118864315095824 1
0.01995262314968881 0.31622776601683794 1
0.01995262314968881 0.39810717055349737 1
0.01995262314968881 0.5011872336272726 1
0.01995262314968881 0.6309573444801937 1
0.01995262314968881 0.7943282347242823 1
0.025118864315095822 0.0001 3
0.025118864315095822 0.00012589254117941674 3
0.025118864315095822 0.00015848931924611136 3
0.025118864315095822 0.00019952623149688798 3
0.025118864315095822 0.000251188643150958 3
0.025118864315095822 0.000316227766016838 3
0.025118864315095822 0.00039810717055349735 3
0.025118864315095822 0.0005011872336272724 3
0.025118864315095822 0.0006309573444801934 3
0.025118864315095822 0.0007943282347242816 3
0.025118864315095822 0.001 3
0.025118864315095822 0.0012589254117941675 3
0.025118864315095822 0.0015848931924611143 3
0.025118864315095822 0.00199526231496888 3
0.025118864315095822 0.002511886431509581 3
0.025118864315095822 0.0031622776601683794 3
0.025118864315095822 0.003981071705534973 3
0.025118864315095822 0.0050118723362727255 3
0.025118864315095822 0.006309573444801933 3
0.025118864315095822 0.007943282347242817 3
0.025118864315095822 0.01 3
0.025118864315095822 0.012589254117941677 3
0.025118864315095822 0.01584893192461114 3
0.025118864315095822 0.01995262314968881 1
0.025118864315095822 0.025118864315095826 1
0.025118864315095822 0.0316227766016838 1
0.025118864315095822 0.039810717055349734 1
0.025118864315095822 0.05011872336272725 1
0.025118864315095822 0.06309573444801937 1
0.025118864315095822 0.07943282347242822 1
0.025118864315095822 0.1 1
0.025118864315095822 0.12589254117941676 1
0.025118864315095822 0.1584893192461114 1
0.025118864315095822 0.1995262314968881 1
0.025118864315095822 0.25118864315095824 1
0.025118864315095822 0.31622776601683794 1
0.025118864315095822 0.39810717055349737 1
0.025118864315095822 0.5011872336272726 1
0.025118864315095822 0.6309573444801937 1
0.025118864315095822 0.7943282347242823 1
0.0316227766016838 0.0001 3
0.0316227766016838 0.00012589254117941674 3
0.0316227766016838 0.00015848931924611136 3
0.0316227766016838 0.00019952623149688798 3
0.0316227766016838 0.000251188643150958 3
0.0316227766016838 0.000316227766016838 3
0.0316227766016838 0.00039810717055349735 3
0.0316227766016838 0.0005011872336272724 3
0.0316227766016838 0.0006309573444801934 3
0.0316227766016838 0.0007943282347242816 3
0.0316227766016838 0.001 3
0.0316227766016838 0.0012589254117941675 3
0.0316227766016838 0.0015848931924611143 3
0.0316227766016838 0.00199526231496888 3
0.0316227766016838 0.002511886431509581 3
0.0316227766016838 0.0031622776601683794 3
0.0316227766016838 0.003981071705534973 3
0.0316227766016838 0.0050118723362727255 3
0.0316227766016838 0.006309573444801933 3
0.0316227766016838 0.007943282347242817 3
0.0316227766016838 0.01 3
0.0316227766016838 0.012589254117941677 3
0.0316227766016838 0.01584893192461114 3
0.0316227766016838 0.01995262314968881 1
0.0316227766016838 0.025118864315095826 1
0.0316227766016838 0.0316227766016838 1
0.0316227766016838 0.039810717055349734 1
0.0316227766016838 0.05011872336272725 1
0.0316227766016838 0.06309573444801937 1
0.0316227766016838 0.07943282347242822 1
0.0316227766016838 0.1 1
0.0316227766016838 0.12589254117941676 1
0.0316227766016838 0.1584893192461114 1
0.0316227766016838 0.1995262314968881 1
0.0316227766016838 0.25118864315095824 1
0.0316227766016838 0.31622776601683794 1
0.0316227766016838 0.39810717055349737 1
0.0316227766016838 0.5011872336272726 1
0.0316227766016838 0.6309573444801937 1
0.0316227766016838 0.7943282347242823 1
0.039810717055349734 0.0001 3
0.039810717055349734 0.00012589254117941674 3
0.039810717055349734 0.00015848931924611136 3
0.039810717055349734 0.00019952623149688798 3
0.039810717055349734 0.000251188643150958 3
0.039810717055349734 0.000316227766016838 3
0.039810717055349734 0.00039810717055349735 3
0.039810717055349734 0.0005011872336272724 3
0.039810717055349734 0.0006309573444801934 3
0.039810717055349734 0.0007943282347242816 3
0.039810717055349734 0.001 3
0.039810717055349734 0.0012589254117941675 3
0.039810717055349734 0.0015848931924611143 3
0.039810717055349734 0.00199526231496888 3
0.039810717055349734 0.002511886431509581 3
0.039810717055349734 0.0031622776601683794 3
0.039810717055349734 0.003981071705534973 3
0.039810717055349734 0.0050118723362727255 3
0.039810717055349734 0.006309573444801933 3
0.039810717055349734 0.007943282347242817 3
0.039810717055349734 0.01 3
0.039810717055349734 0.012589254117941677 3
0.039810717055349734 0.01584893192461114 3
0.039810717055349734 0.01995262314968881 1
0.039810717055349734 0.025118864315095826 1
0.039810717055349734 0.0316227766016838 1
0.039810717055349734 0.039810717055349734 1
0.039810717055349734 0.05011872336272725 1
0.039810717055349734 0.06309573444801937 1
0.039810717055349734 0.07943282347242822 1
0.039810717055349734 0.1 1
0.039810717055349734 0.12589254117941676 1
0.039810717055349734 0.1584893192461114 1
0.039810717055349734 0.1995262314968881 1
0.039810717055349734 0.25118864315095824 1
0.039810717055349734 0.31622776601683794 1
0.039810717055349734 0.39810717055349737 1
0.039810717055349734 0.5011872336272726 1
0.039810717055349734 0.6309573444801937 1
0.039810717055349734 0.7943282347242823 1
0.050118723362727255 0.0001 3
0.050118723362727255 0.00012589254117941674 3
0.050118723362727255 0.00015848931924611136 3
0.050118723362727255 0.00019952623149688798 3
0.050118723362727255 0.000251188643150958 3
0.050118723362727255 0.000316227766016838 3
0.050118723362727255 0.00039810717055349735 3
0.050118723362727255 0.0005011872336272724 3
0.050118723362727255 0.0006309573444801934 3
0.050118723362727255 0.0007943282347242816 3
0.050118723362727255 0.001 3
0.050118723362727255 0.0012589254117941675 3
0.050118723362727255 0.0015848931924611143 3
0.050118723362727255 0.00199526231496888 3
0.050118723362727255 0.002511886431509581 3
0.050118723362727255 0.0031622776601683794 3
0.050118723362727255 0.003981071705534973 3
0.050118723362727255 0.0050118723362727255 3
0.050118723362727255 0.006309573444801933 3
0.050118723362727255 0.007943282347242817 3
0.050118723362727255 0.01 3
0.050118723362727255 0.012589254117941677 3
0.050118723362727255 0.01584893192461114 3
0.050118723362727255 0.01995262314968881 1
0.050118723362727255 0.025118864315095826 1
0.050118723362727255 0.0316227766016838 1
0.050118723362727255 0.039810717055349734 1
0.050118723362727255 0.05011872336272725 1
0.050118723362727255 0.06309573444801937 1
0.050118723362727255 0.07943282347242822 1
0.050118723362727255 0.1 1
0.050118723362727255 0.12589254117941676 1
0.050118723362727255 0.1584893192461114 1
0.050118723362727255 0.1995262314968881 1
0.050118723362727255 0.25118864315095824 1
0.050118723362727255 0.31622776601683794 1
0.050118723362727255 0.39810717055349737 1
0.050118723362727255 0.5011872336272726 1
0.050118723362727255 0.6309573444801937 1
0.050118723362727255 0.7943282347242823 1
0.06309573444801937 0.0001 3
0.06309573444801937 0.00012589254117941674 3
0.06309573444801937 0.00015848931924611136 3
0.06309573444801937 0.00019952623149688798 3
0.06309573444801937 0.000251188643150958 3
0.06309573444801937 0.000316227766016838 3
0.06309573444801937 0.00039810717055349735 3
0.06309573444801937 0.0005011872336272724 3
0.06309573444801937 0.0006309573444801934 3
0.06309573444801937 0.0007943282347242816 3
0.06309573444801937 0.001 3
0.06309573444801937 0.0012589254117941675 3
0.06309573444801937 0.0015848931924611143 3
0.06309573444801937 0.00199526231496888 3
0.06309573444801937 0.002511886431509581 3
0.06309573444801937 0.0031622776601683794 3
0.06309573444801937 0.003981071705534973 3
0.06309573444801937 0.0050118723362727255 3
0.06309573444801937 0.006309573444801933 3
0.06309573444801937 0.007943282347242817 3
0.06309573444801937 0.01 3
0.06309573444801937 0.012589254117941677 3
0.06309573444801937 0.01584893192461114 3
0.06309573444801937 0.01995262314968881 1
0.06309573444801937 0.025118864315095826 1
0.06309573444801937 0.0316227766016838 1
0.06309573444801937 0.039810717055349734 1
0.06309573444801937 0.05011872336272725 1
0.06309573444801937 0.06309573444801937 1
0.06309573444801937 0.07943282347242822 1
0.06309573444801937 0.1 1
0.06309573444801937 0.12589254117941676 1
0.06309573444801937 0.1584893192461114 1
0.06309573444801937 0.1995262314968881 1
0.06309573444801937 0.25118864315095824 1
0.06309573444801937 0.31622776601683794 1
0.06309573444801937 0.39810717055349737 1
0.06309573444801937 0.5011872336272726 1
0.06309573444801937 0.6309573444801937 1
0.06309573444801937 0.7943282347242823 1
0.07943282347242822 0.0001 3
0.07943282347242822 0.00012589254117941674 3
0.07943282347242822 0.00015848931924611136 3
0.07943282347242822 0.00019952623149688798 3
0.07943282347242822 0.000251188643150958 3
0.07943282347242822 0.000316227766016838 3
0.07943282347242822 0.00039810717055349735 3
0.07943282347242822 0.0005011872336272724 3
0.07943282347242822 0.0006309573444801934 3
0.07943282347242822 0.0007943282347242816 3
0.07943282347242822 0.001 3
0.07943282347242822 0.0012589254117941675 3
0.07943282347242822 0.0015848931924611143 3
0.07943282347242822 0.00199526231496888 3
0.07943282347242822 0.002511886431509581 3
0.07943282347242822 0.0031622776601683794 3
0.07943282347242822 0.003981071705534973 3
0.07943282347242822 0.0050118723362727255 3
0.07943282347242822 0.006309573444801933 3
0.07943282347242822 0.007943282347242817 3
0.07943282347242822 0.01 3
0.07943282347242822 0.012589254117941677 3
0.07943282347242822 0.01584893192461114 3
0.07943282347242822 0.01995262314968881 1
0.07943282347242822 0.025118864315095826 1
0.07943282347242822 0.0316227766016838 1
0.07943282347242822 0.039810717055349734 1
0.07943282347242822 0.05011872336272725 1
0.07943282347242822 0.06309573444801937 1
0.07943282347242822 0.07943282347242822 1
0.07943282347242822 0.1 1
0.07943282347242822 0.12589254117941676 1
0.07943282347242822 0.1584893192461114 1
0.07943282347242822 0.1995262314968881 1
0.07943282347242822 0.25118864315095824 1
0.07943282347242822 0.31622776601683794 1
0.07943282347242822 0.39810717055349737 1
0.07943282347242822 0.5011872336272726 1
0.07943282347242822 0.6309573444801937 1
0.07943282347242822 0.7943282347242823 1
0.1 0.0001 3
0.1 0.00012589254117941674 3
0.1 0.00015848931924611136 3
0.1 0.00019952623149688798 3
0.1 0.000251188643150958 3
0.1 0.000316227766016838 3
0.1 0.00039810717055349735 3
0.1 0.0005011872336272724 3
0.1 0.0006309573444801934 3
0.1 0.0007943282347242816 3
0.1 0.001 3
0.1 0.0012589254117941675 3
0.1 0.0015848931924611143 3
0.1 0.00199526231496888 3
0.1 0.002511886431509581 3
0.1 0.0031622776601683794 3
0.1 0.003981071705534973 3
0.1 0.0050118723362727255 3
0.1 0.006309573444801933 3
0.1 0.007943282347242817 3
0.1 0.01 3
0.1 0.012589254117941677 3
0.1 0.01584893192461114 3
0.1 0.01995262314968881 1
0.1 0.025118864315095826 1
0.1 0.0316227766016838 1
0.1 0.039810717055349734 1
0.1 0.05011872336272725 1
0.1 0.06309573444801937 1
0.1 0.07943282347242822 1
0.1 0.1 1
0.1 0.12589254117941676 1
0.1 0.1584893192461114 1
0.1 0.1995262314968881 1
0.1 0.25118864315095824 1
0.1 0.31622776601683794 1
0.1 0.39810717055349737 1
0.1 0.5011872336272726 1
0.1 0.6309573444801937 1
0.1 0.7943282347242823 1
0.1258925411794169 0.0001 3
0.1258925411794169 0.00012589254117941674 3
0.1258925411794169 0.00015848931924611136 3
0.1258925411794169 0.00019952623149688798 3
0.1258925411794169 0.000251188643150958 3
0.1258925411794169 0.000316227766016838 3
0.1258925411794169 0.00039810717055349735 3
0.1258925411794169 0.0005011872336272724 3
0.1258925411794169 0.0006309573444801934 3
0.1258925411794169 0.0007943282347242816 3
0.1258925411794169 0.001 3
0.1258925411794169 0.0012589254117941675 3
0.1258925411794169 0.0015848931924611143 3
0.1258925411794169 0.00199526231496888 3
0.1258925411794169 0.002511886431509581 3
0.1258925411794169 0.0031622776601683794 3
0.1258925411794169 0.003981071705534973 3
0.1258925411794169 0.0050118723362727255 3
0.1258925411794169 0.006309573444801933 3
0.1258925411794169 0.007943282347242817 3
0.1258925411794169 0.01 3
0.1258925411794169 0.012589254117941677 3
0.1258925411794169 0.01584893192461114 1
0.1258925411794169 0.01995262314968881 1
0.1258925411794169 0.025118864315095826 1
0.1258925411794169 0.0316227766016838 1
0.1258925411794169 0.039810717055349734 1
0.1258925411794169 0.05011872336272725 1
0.1258925411794169 0.06309573444801937 1
0.1258925411794169 0.07943282347242822 1
0.1258925411794169 0.1 1
0.1258925411794169 0.12589254117941676 1
0.1258925411794169 0.1584893192461114 1
0.1258925411794169 0.1995262314968881 1
0.1258925411794169 0.25118864315095824 1
0.1258925411794169 0.31622776601683794 1
0.1258925411794169 0.39810717055349737 1
0.1258925411794169 0.5011872336272726 1
0.1258925411794169 0.6309573444801937 1
0.1258925411794169 0.7943282347242823 1
0.15848931924611143 0.0001 3
0.15848931924611143 0.00012589254117941674 3
0.15848931924611143 0.00015848931924611136 3
0.15848931924611143 0.00019952623149688798 3
0.15848931924611143 0.000251188643150958 3
0.15848931924611143 0.000316227766016838 3
0.15848931924611143 0.00039810717055349735 3
0.15848931924611143 0.0005011872336272724 3
0.15848931924611143 0.0006309573444801934 3
0.15848931924611143 0.0007943282347242816 3
0.15848931924611143 0.001 3
0.15848931924611143 0.0012589254117941675 3
0.15848931924611143 0.0015848931924611143 3
0.15848931924611143 0.00199526231496888 3
0.15848931924611143 0.002511886431509581 3
0.15848931924611143 0.0031622776601683794 3
0.15848931924611143 0.003981071705534973 3
0.15848931924611143 0.0050118723362727255 3
0.15848931924611143 0.006309573444801933 3
0.15848931924611143 0.007943282347242817 3
0.15848931924611143 0.01 3
0.15848931924611143 0.012589254117941677 3
0.15848931924611143 0.01584893192461114 1
0.15848931924611143 0.01995262314968881 1
0.15848931924611143 0.025118864315095826 1
0.15848931924611143 0.0316227766016838 1
0.15848931924611143 0.039810717055349734 1
0.15848931924611143 0.05011872336272725 1
0.15848931924611143 0.06309573444801937 1
0.15848931924611143 0.07943282347242822 1
0.15848931924611143 0.1 1
0.15848931924611143 0.12589254117941676 1
0.15848931924611143 0.1584893192461114 1
0.15848931924611143 0.1995262314968881 1
0.15848931924611143 0.25118864315095824 1
0.15848931924611143 0.31622776601683794 1
0.15848931924611143 0.39810717055349737 1
0.15848931924611143 0.5011872336272726 1
0.15848931924611143 0.6309573444801937 1
0.15848931924611143 0.7943282347242823 1
0.1995262314968879 0.0001 3
0.1995262314968879 0.00012589254117941674 3
0.1995262314968879 0.00015848931924611136 3
0.1995262314968879 0.00019952623149688798 3
0.1995262314968879 0.000251188643150958 3
0.1995262314968879 0.000316227766016838 3
0.1995262314968879 0.00039810717055349735 3
0.1995262314968879 0.0005011872336272724 3
0.1995262314968879 0.0006309573444801934 3
0.1995262314968879 0.0007943282347242816 3
0.1995262314968879 0.001 3
0.1995262314968879 0.0012589254117941675 3
0.1995262314968879 0.0015848931924611143 3
0.1995262314968879 0.00199526231496888 3
0.1995262314968879 0.002511886431509581 3
0.1995262314968879 0.0031622776601683794 3
0.1995262314968879 0.003981071705534973 3
0.1995262314968879 0.0050118723362727255 3
0.1995262314968879 0.006309573444801933 3
0.1995262314968879 0.007943282347242817 3
0.1995262314968879 0.01 3
0.1995262314968879 0.012589254117941677 3
0.1995262314968879 0.01584893192461114 1
0.1995262314968879 0.01995262314968881 1
0.1995262314968879 0.025118864315095826 1
0.1995262314968879 0.0316227766016838 1
0.1995262314968879 0.039810717055349734 1
0.1995262314968879 0.05011872336272725 1
0.1995262314968879 0.06309573444801937 1
0.1995262314968879 0.07943282347242822 1
0.1995262314968879 0.1 1
0.1995262314968879 0.12589254117941676 1
0.1995262314968879 0.1584893192461114 1
0.1995262314968879 0.1995262314968881 1
0.1995262314968879 0.25118864315095824 1
0.1995262314968879 0.31622776601683794 1
0.1995262314968879 0.39810717055349737 1
0.1995262314968879 0.5011872336272726 1
0.1995262314968879 0.6309573444801937 1
0.1995262314968879 0.7943282347242823 1
0.25118864315095824 0.0001 3
0.25118864315095824 0.00012589254117941674 3
0.25118864315095824 0.00015848931924611136 3
0.25118864315095824 0.00019952623149688798 3
0.25118864315095824 0.000251188643150958 3
0.25118864315095824 0.000316227766016838 3
0.25118864315095824 0.00039810717055349735 3
0.25118864315095824 0.0005011872336272724 3
0.25118864315095824 0.0006309573444801934 3
0.25118864315095824 0.0007943282347242816 3
0.25118864315095824 0.001 3
0.25118864315095824 0.0012589254117941675 3
0.25118864315095824 0.0015848931924611143 3
0.25118864315095824 0.00199526231496888 3
0.25118864315095824 0.002511886431509581 3
0.25118864315095824 0.0031622776601683794 3
0.25118864315095824 0.003981071705534973 3
0.25118864315095824 0.0050118723362727255 3
0.25118864315095824 0.006309573444801933 3
0.25118864315095824 0.007943282347242817 3
0.25118864315095824 0.01 3
0.25118864315095824 0.012589254117941677 3
0.25118864315095824 0.01584893192461114 1
0.25118864315095824 0.01995262314968881 1
0.25118864315095824 0.025118864315095826 1
0.25118864315095824 0.0316227766016838 1
0.25118864315095824 0.039810717055349734 1
0.25118864315095824 0.05011872336272725 1
0.25118864315095824 0.06309573444801937 1
0.25118864315095824 0.07943282347242822 1
0.25118864315095824 0.1 1
0.25118864315095824 0.12589254117941676 1
0.25118864315095824 0.1584893192461114 1
0.25118864315095824 0.1995262314968881 1
0.25118864315095824 0.25118864315095824 1
0.25118864315095824 0.31622776601683794 1
0.25118864315095824 0.39810717055349737 1
0.25118864315095824 0.5011872336272726 1
0.25118864315095824 0.6309573444801937 1
0.25118864315095824 0.7943282347242823 1
0.31622776601683794 0.0001 3
0.31622776601683794 0.00012589254117941674 3
0.31622776601683794 0.00015848931924611136 3
0.31622776601683794 0.00019952623149688798 3
0.31622776601683794 0.000251188643150958 3
0.31622776601683794 0.000316227766016838 3
0.31622776601683794 0.00039810717055349735 3
0.31622776601683794 0.0005011872336272724 3
0.31622776601683794 0.0006309573444801934 3
0.31622776601683794 0.0007943282347242816 3
0.31622776601683794 0.001 3
0.31622776601683794 0.0012589254117941675 3
0.31622776601683794 0.0015848931924611143 3
0.31622776601683794 0.00199526231496888 3
0.31622776601683794 0.002511886431509581 3
0.31622776601683794 0.0031622776601683794 3
0.31622776601683794 0.003981071705534973 3
0.31622776601683794 0.0050118723362727255 3
0.31622776601683794 0.006309573444801933 3
0.31622776601683794 0.007943282347242817 3
0.31622776601683794 0.01 3
0.31622776601683794 0.012589254117941677 3
0.31622776601683794 0.01584893192461114 1
0.31622776601683794 0.01995262314968881 1
0.31622776601683794 0.025118864315095826 1
0.31622776601683794 0.0316227766016838 1
0.31622776601683794 0.039810717055349734 1
0.31622776601683794 0.05011872336272725 1
0.31622776601683794 0.06309573444801937 1
0.31622776601683794 0.07943282347242822 1
0.31622776601683794 0.1 1
0.31622776601683794 0.12589254117941676 1
0.31622776601683794 0.1584893192461114 1
0.31622776601683794 0.1995262314968881 1
0.31622776601683794 0.25118864315095824 1
0.31622776601683794 0.31622776601683794 1
0.31622776601683794 0.39810717055349737 1
0.31622776601683794 0.5011872336272726 1
0.31622776601683794 0.6309573444801937 1
0.31622776601683794 0.7943282347242823 1
0.39810717055349776 0.0001 3
0.39810717055349776 0.00012589254117941674 3
0.39810717055349776 0.00015848931924611136 3
0.39810717055349776 0.00019952623149688798 3
0.39810717055349776 0.000251188643150958 3
0.39810717055349776 0.000316227766016838 3
0.39810717055349776 0.00039810717055349735 3
0.39810717055349776 0.0005011872336272724 3
0.39810717055349776 0.0006309573444801934 3
0.39810717055349776 0.0007943282347242816 3
0.39810717055349776 0.001 3
0.39810717055349776 0.0012589254117941675 3
0.39810717055349776 0.0015848931924611143 3
0.39810717055349776 0.00199526231496888 3
0.39810717055349776 0.002511886431509581 3
0.39810717055349776 0.0031622776601683794 3
0.39810717055349776 0.003981071705534973 3
0.39810717055349776 0.0050118723362727255 3
0.39810717055349776 0.006309573444801933 3
0.39810717055349776 0.007943282347242817 3
0.39810717055349776 0.01 3
0.39810717055349776 0.012589254117941677 3
0.39810717055349776 0.01584893192461114 1
0.39810717055349776 0.01995262314968881 1
0.39810717055349776 0.025118864315095826 1
0.39810717055349776 0.0316227766016838 1
0.39810717055349776 0.039810717055349734 1
0.39810717055349776 0.05011872336272725 1
0.39810717055349776 0.06309573444801937 1
0.39810717055349776 0.07943282347242822 1
0.39810717055349776 0.1 1
0.39810717055349776 0.12589254117941676 1
0.39810717055349776 0.1584893192461114 1
0.39810717055349776 0.1995262314968881 1
0.39810717055349776 0.25118864315095824 1
0.39810717055349776 0.31622776601683794 1
0.39810717055349776 0.39810717055349737 1
0.39810717055349776 0.5011872336272726 1
0.39810717055349776 0.6309573444801937 1
0.39810717055349776 0.7943282347242823 1
0.5011872336272726 0.0001 3
0.5011872336272726 0.00012589254117941674 3
0.5011872336272726 0.00015848931924611136 3
0.5011872336272726 0.00019952623149688798 3
0.5011872336272726 0.000251188643150958 3
0.5011872336272726 0.000316227766016838 3
0.5011872336272726 0.00039810717055349735 3
0.5011872336272726 0.0005011872336272724 3
0.5011872336272726 0.0006309573444801934 3
0.5011872336272726 0.0007943282347242816 3
0.5011872336272726 0.001 3
0.5011872336272726 0.0012589254117941675 3
0.5011872336272726 0.0015848931924611143 3
0.5011872336272726 0.00199526231496888 3
0.5011872336272726 0.002511886431509581 3
0.5011872336272726 0.0031622776601683794 3
0.5011872336272726 0.003981071705534973 3
0.5011872336272726 0.0050118723362727255 3
0.5011872336272726 0.006309573444801933 3
0.5011872336272726 0.007943282347242817 3
0.5011872336272726 0.01 3
0.5011872336272726 0.012589254117941677 1
0.5011872336272726 0.01584893192461114 1
0.5011872336272726 0.01995262314968881 1
0.5011872336272726 0.025118864315095826 1
0.5011872336272726 0.0316227766016838 1
0.5011872336272726 0.039810717055349734 1
0.5011872336272726 0.05011872336272725 1
0.5011872336272726 0.06309573444801937 1
0.5011872336272726 0.07943282347242822 1
0.5011872336272726 0.1 1
0.5011872336272726 0.12589254117941676 1
0.5011872336272726 0.1584893192461114 1
0.5011872336272726 0.1995262314968881 1
0.5011872336272726 0.25118864315095824 1
0.5011872336272726 0.31622776601683794 1
0.5011872336272726 0.39810717055349737 1
0.5011872336272726 0.5011872336272726 1
0.5011872336272726 0.6309573444801937 1
0.5011872336272726 0.7943282347242823 1
0.6309573444801944 0.0001 3
0.6309573444801944 0.00012589254117941674 3
0.6309573444801944 0.00015848931924611136 3
0.6309573444801944 0.00019952623149688798 3
0.6309573444801944 0.000251188643150958 3
0.6309573444801944 0.000316227766016838 3
0.6309573444801944 0.00039810717055349735 3
0.6309573444801944 0.0005011872336272724 3
0.6309573444801944 0.0006309573444801934 3
0.6309573444801944 0.0007943282347242816 3
0.6309573444801944 0.001 3
0.6309573444801944 0.0012589254117941675 3
0.6309573444801944 0.0015848931924611143 3
0.6309573444801944 0.00199526231496888 3
0.6309573444801944 0.002511886431509581 3
0.6309573444801944 0.0031622776601683794 3
0.6309573444801944 0.003981071705534973 3
0.6309573444801944 0.0050118723362727255 3
0.6309573444801944 0.006309573444801933 3
0.6309573444801944 0.007943282347242817 3
0.6309573444801944 0.01 3
0.6309573444801944 0.012589254117941677 1
0.6309573444801944 0.01584893192461114 1
0.6309573444801944 0.01995262314968881 1
0.6309573444801944 0.025118864315095826 1
0.6309573444801944 0.0316227766016838 1
0.6309573444801944 0.039810717055349734 1
0.6309573444801944 0.05011872336272725 1
0.6309573444801944 0.06309573444801937 1
0.6309573444801944 0.07943282347242822 1
0.6309573444801944 0.1 1
0.6309573444801944 0.12589254117941676 1
0.6309573444801944 0.1584893192461114 1
0.6309573444801944 0.1995262314968881 1
0.6309573444801944 0.25118864315095824 1
0.6309573444801944 0.31622776601683794 1
0.6309573444801944 0.39810717055349737 1
0.6309573444801944 0.5011872336272726 1
0.6309573444801944 0.6309573444801937 1
0.6309573444801944 0.7943282347242823 1
0.7943282347242822 0.0001 3
0.7943282347242822 0.00012589254117941674 3
0.7943282347242822 0.00015848931924611136 3
0.7943282347242822 0.00019952623149688798 3
0.7943282347242822 0.000251188643150958 3
0.7943282347242822 0.000316227766016838 3
0.7943282347242822 0.00039810717055349735 3
0.7943282347242822 0.0005011872336272724 3
0.7943282347242822 0.0006309573444801934 3
0.7943282347242822 0.0007943282347242816 3
0.7943282347242822 0.001 3
0.7943282347242822 0.0012589254117941675 3
0.7943282347242822 0.0015848931924611143 3
0.7943282347242822 0.00199526231496888 3
0.7943282347242822 0.002511886431509581 3
0.7943282347242822 0.0031622776601683794 3
0.7943282347242822 0.003981071705534973 3
0.7943282347242822 0.0050118723362727255 3
0.7943282347242822 0.006309573444801933 3
0.7943282347242822 0.007943282347242817 3
0.7943282347242822 0.01 1
0.7943282347242822 0.012589254117941677 1
0.7943282347242822 0.01584893192461114 1
0.7943282347242822 0.01995262314968881 1
0.7943282347242822 0.025118864315095826 1
0.7943282347242822 0.0316227766016838 1
0.7943282347242822 0.039810717055349734 1
0.7943282347242822 0.05011872336272725 1
0.7943282347242822 0.06309573444801937 1
0.7943282347242822 0.07943282347242822 1
0.7943282347242822 0.1 1
0.7943282347242822 0.12589254117941676 1
0.7943282347242822 0.1584893192461114 1
0.7943282347242822 0.1995262314968881 1
0.7943282347242822 0.25118864315095824 1
0.7943282347242822 0.31622776601683794 1
0.7943282347242822 0.39810717055349737 1
0.7943282347242822 0.5011872336272726 1
0.7943282347242822 0.6309573444801937 1
0.7943282347242822 0.7943282347242823 1
1.0 0.0001 3
1.0 0.00012589254117941674 3
1.0 0.00015848931924611136 3
1.0 0.00019952623149688798 3
1.0 0.000251188643150958 3
1.0 0.000316227766016838 3
1.0 0.00039810717055349735 3
1.0 0.0005011872336272724 3
1.0 0.0006309573444801934 3
1.0 0.0007943282347242816 3
1.0 0.001 3
1.0 0.0012589254117941675 3
1.0 0.0015848931924611143 3
1.0 0.00199526231496888 3
1.0 0.002511886431509581 3
1.0 0.0031622776601683794 3
1.0 0.003981071705534973 3
1.0 0.0050118723362727255 3
1.0 0.006309573444801933 3
1.0 0.007943282347242817 1
1.0 0.01 1
1.0 0.012589254117941677 1
1.0 0.01584893192461114 1
1.0 0.01995262314968881 1
1.0 0.025118864315095826 1
1.0 0.0316227766016838 1
1.0 0.039810717055349734 1
1.0 0.05011872336272725 1
1.0 0.06309573444801937 1
1.0 0.07943282347242822 1
1.0 0.1 1
1.0 0.12589254117941676 1
1.0 0.1584893192461114 1
1.0 0.1995262314968881 1
1.0 0.25118864315095824 1
1.0 0.31622776601683794 1
1.0 0.39810717055349737 1
1.0 0.5011872336272726 1
1.0 0.6309573444801937 1
1.0 0.7943282347242823 1
1.2589254117941688 0.0001 3
1.2589254117941688 0.00012589254117941674 3
1.2589254117941688 0.00015848931924611136 3
1.2589254117941688 0.00019952623149688798 3
1.2589254117941688 0.000251188643150958 3
1.2589254117941688 0.000316227766016838 3
1.2589254117941688 0.00039810717055349735 3
1.2589254117941688 0.0005011872336272724 3
1.2589254117941688 0.0006309573444801934 3
1.2589254117941688 0.0007943282347242816 3
1.2589254117941688 0.001 3
1.2589254117941688 0.0012589254117941675 3
1.2589254117941688 0.0015848931924611143 3
1.2589254117941688 0.00199526231496888 3
1.2589254117941688 0.002511886431509581 3
1.2589254117941688 0.0031622776601683794 3
1.2589254117941688 0.003981071705534973 3
1.2589254117941688 0.0050118723362727255 1
1.2589254117941688 0.006309573444801933 1
1.2589254117941688 0.007943282347242817 1
1.2589254117941688 0.01 1
1.2589254117941688 0.012589254117941677 1
1.2589254117941688 0.01584893192461114 1
1.2589254117941688 0.01995262314968881 1
1.2589254117941688 0.025118864315095826 1
1.2589254117941688 0.0316227766016838 1
1.2589254117941688 0.039810717055349734 1
1.2589254117941688 0.05011872336272725 1
1.2589254117941688 0.06309573444801937 1
1.2589254117941688 0.07943282347242822 1
1.2589254117941688 0.1 1
1.2589254117941688 0.12589254117941676 1
1.2589254117941688 0.1584893192461114 1
1.2589254117941688 0.1995262314968881 1
1.2589254117941688 0.25118864315095824 1
1.2589254117941688 0.31622776601683794 1
1.2589254117941688 0.39810717055349737 1
1.2589254117941688 0.5011872336272726 1
1.2589254117941688 0.6309573444801937 1
1.2589254117941688 0.7943282347242823 1
1.5848931924611143 0.0001 3
1.5848931924611143 0.00012589254117941674 3
1.5848931924611143 0.00015848931924611136 3
1.5848931924611143 0.00019952623149688798 3
1.5848931924611143 0.000251188643150958 3
1.5848931924611143 0.000316227766016838 3
1.5848931924611143 0.00039810717055349735 3
1.5848931924611143 0.0005011872336272724 3
1.5848931924611143 0.0006309573444801934 3
1.5848931924611143 0.0007943282347242816 3
1.5848931924611143 0.001 3
1.5848931924611143 0.0012589254117941675 3
1.5848931924611143 0.0015848931924611143 3
1.5848931924611143 0.00199526231496888 1
1.5848931924611143 0.002511886431509581 1
1.5848931924611143 0.0031622776601683794 1
1.5848931924611143 0.003981071705534973 1
1.5848931924611143 0.0050118723362727255 1
1.5848931924611143 0.006309573444801933 1
1.5848931924611143 0.007943282347242817 1
1.5848931924611143 0.01 1
1.5848931924611143 0.012589254117941677 1
1.5848931924611143 0.01584893192461114 1
1.5848931924611143 0.01995262314968881 1
1.5848931924611143 0.025118864315095826 1
1.5848931924611143 0.0316227766016838 1
1.5848931924611143 0.039810717055349734 1
1.5848931924611143 0.05011872336272725 1
1.5848931924611143 0.06309573444801937 1
1.5848931924611143 0.07943282347242822 1
1.5848931924611143 0.1 1
1.5848931924611143 0.12589254117941676 1
1.5848931924611143 0.1584893192461114 1
1.5848931924611143 0.1995262314968881 1
1.5848931924611143 0.25118864315095824 1
1.5848931924611143 0.31622776601683794 1
1.5848931924611143 0.39810717055349737 1
1.5848931924611143 0.5011872336272726 1
1.5848931924611143 0.6309573444801937 1
1.5848931924611143 0.7943282347242823 1
1.995262314968883 0.0001 1
1.995262314968883 0.00012589254117941674 1
1.995262314968883 0.00015848931924611136 1
1.995262314968883 0.00019952623149688798 1
1.995262314968883 0.000251188643150958 1
1.995262314968883 0.000316227766016838 1
1.995262314968883 0.00039810717055349735 1
1.995262314968883 0.0005011872336272724 1
1.995262314968883 0.0006309573444801934 1
1.995262314968883 0.0007943282347242816 1
1.995262314968883 0.001 1
1.995262314968883 0.0012589254117941675 1
1.995262314968883 0.0015848931924611143 1
1.995262314968883 0.00199526231496888 1
1.995262314968883 0.002511886431509581 1
1.995262314968883 0.0031622776601683794 1
1.995262314968883 0.003981071705534973 1
1.995262314968883 0.0050118723362727255 1
1.995262314968883 0.006309573444801933 1
1.995262314968883 0.007943282347242817 1
1.995262314968883 0.01 1
1.995262314968883 0.012589254117941677 1
1.995262314968883 0.01584893192461114 1
1.995262314968883 0.01995262314968881 1
1.995262314968883 0.025118864315095826 1
1.995262314968883 0.0316227766016838 1
1.995262314968883 0.039810717055349734 1
1.995262314968883 0.05011872336272725 1
1.995262314968883 0.06309573444801937 1
1.995262314968883 0.07943282347242822 1
1.995262314968883 0.1 1
1.995262314968883 0.12589254117941676 1
1.995262314968883 0.1584893192461114 1
1.995262314968883 0.1995262314968881 1
1.995262314968883 0.25118864315095824 1
1.995262314968883 0.31622776601683794 1
1.995262314968883 0.39810717055349737 1
1.995262314968883 0.5011872336272726 1
1.995262314968883 0.6309573444801937 1
1.995262314968883 0.7943282347242823 1
2.5118864315095824 0.0001 1
2.5118864315095824 0.00012589254117941674 1
2.5118864315095824 0.00015848931924611136 1
2.5118864315095824 0.00019952623149688798 1
2.5118864315095824 0.000251188643150958 1
2.5118864315095824 0.000316227766016838 1
2.5118864315095824 0.00039810717055349735 1
2.5118864315095824 0.0005011872336272724 1
2.5118864315095824 0.0006309573444801934 1
2.5118864315095824 0.0007943282347242816 1
2.5118864315095824 0.001 1
2.5118864315095824 0.0012589254117941675 1
2.5118864315095824 0.0015848931924611143 1
2.5118864315095824 0.00199526231496888 1
2.5118864315095824 0.002511886431509581 1
2.5118864315095824 0.0031622776601683794 1
2.5118864315095824 0.003981071705534973 1
2.5118864315095824 0.0050118723362727255 1
2.5118864315095824 0.006309573444801933 1
2.5118864315095824 0.007943282347242817 1
2.5118864315095824 0.01 1
2.5118864315095824 0.012589254117941677 1
2.5118864315095824 0.01584893192461114 1
2.5118864315095824 0.01995262314968881 1
2.5118864315095824 0.025118864315095826 1
2.5118864315095824 0.0316227766016838 1
2.5118864315095824 0.039810717055349734 1
2.5118864315095824 0.05011872336272725 1
2.5118864315095824 0.06309573444801937 1
2.5118864315095824 0.07943282347242822 1
2.5118864315095824 0.1 1
2.5118864315095824 0.12589254117941676 1
2.5118864315095824 0.1584893192461114 1
2.5118864315095824 0.1995262314968881 1
2.5118864315095824 0.25118864315095824 1
2.5118864315095824 0.31622776601683794 1
2.5118864315095824 0.39810717055349737 1
2.5118864315095824 0.5011872336272726 1
2.5118864315095824 0.6309573444801937 1
2.5118864315095824 0.7943282347242823 1
3.1622776601683795 0.0001 1
3.1622776601683795 0.00012589254117941674 1
3.1622776601683795 0.00015848931924611136 1
3.1622776601683795 0.00019952623149688798 1
3.1622776601683795 0.000251188643150958 1
3.1622776601683795 0.000316227766016838 1
3.1622776601683795 0.00039810717055349735 1
3.1622776601683795 0.0005011872336272724 1
3.1622776601683795 0.0006309573444801934 1
3.1622776601683795 0.0007943282347242816 1
3.1622776601683795 0.001 1
3.1622776601683795 0.0012589254117941675 1
3.1622776601683795 0.0015848931924611143 1
3.1622776601683795 0.00199526231496888 1
3.1622776601683795 0.002511886431509581 1
3.1622776601683795 0.0031622776601683794 1
3.1622776601683795 0.003981071705534973 1
3.1622776601683795 0.0050118723362727255 1
3.1622776601683795 0.006309573444801933 1
3.1622776601683795 0.007943282347242817 1
3.1622776601683795 0.01 1
3.1622776601683795 0.012589254117941677 1
3.1622776601683795 0.01584893192461114 1
3.1622776601683795 0.01995262314968881 1
3.1622776601683795 0.025118864315095826 1
3.1622776601683795 0.0316227766016838 1
3.1622776601683795 0.039810717055349734 1
3.1622776601683795 0.05011872336272725 1
3.1622776601683795 0.06309573444801937 1
3.1622776601683795 0.07943282347242822 1
3.1622776601683795 0.1 1
3.1622776601683795 0.12589254117941676 1
3.1622776601683795 0.1584893192461114 1
3.1622776601683795 0.1995262314968881 1
3.1622776601683795 0.25118864315095824 1
3.1622776601683795 0.31622776601683794 1
3.1622776601683795 0.39810717055349737 1
3.1622776601683795 0.5011872336272726 1
3.1622776601683795 0.6309573444801937 1
3.1622776601683795 0.7943282347242823 1
3.9810717055349776 0.0001 1
3.9810717055349776 0.00012589254117941674 1
3.9810717055349776 0.00015848931924611136 1
3.9810717055349776 0.00019952623149688798 1
3.9810717055349776 0.000251188643150958 1
3.9810717055349776 0.000316227766016838 1
3.9810717055349776 0.00039810717055349735 1
3.9810717055349776 0.0005011872336272724 1
3.9810717055349776 0.0006309573444801934 1
3.9810717055349776 0.0007943282347242816 1
3.9810717055349776 0.001 1
3.9810717055349776 0.0012589254117941675 1
3.9810717055349776 0.0015848931924611143 1
3.9810717055349776 0.00199526231496888 1
3.9810717055349776 0.002511886431509581 1
3.9810717055349776 0.0031622776601683794 1
3.9810717055349776 0.003981071705534973 1
3.9810717055349776 0.0050118723362727255 1
3.9810717055349776 0.006309573444801933 1
3.9810717055349776 0.007943282347242817 1
3.9810717055349776 0.01 1
3.9810717055349776 0.012589254117941677 1
3.9810717055349776 0.01584893192461114 1
3.9810717055349776 0.01995262314968881 1
3.9810717055349776 0.025118864315095826 1
3.9810717055349776 0.0316227766016838 1
3.9810717055349776 0.039810717055349734 1
3.9810717055349776 0.05011872336272725 1
3.9810717055349776 0.06309573444801937 1
3.9810717055349776 0.07943282347242822 1
3.9810717055349776 0.1 1
3.9810717055349776 0.12589254117941676 1
3.9810717055349776 0.1584893192461114 1
3.9810717055349776 0.1995262314968881 1
3.9810717055349776 0.25118864315095824 1
3.9810717055349776 0.31622776601683794 1
3.9810717055349776 0.39810717055349737 1
3.9810717055349776 0.5011872336272726 1
3.9810717055349776 0.6309573444801937 1
3.9810717055349776 0.7943282347242823 1
5.0118723362727255 0.0001 1
5.0118723362727255 0.00012589254117941674 1
5.0118723362727255 0.00015848931924611136 1
5.0118723362727255 0.00019952623149688798 1
5.0118723362727255 0.000251188643150958 1
5.0118723362727255 0.000316227766016838 1
5.0118723362727255 0.00039810717055349735 1
5.0118723362727255 0.0005011872336272724 1
5.0118723362727255 0.0006309573444801934 1
5.0118723362727255 0.0007943282347242816 1
5.0118723362727255 0.001 1
5.0118723362727255 0.0012589254117941675 1
5.0118723362727255 0.0015848931924611143 1
5.0118723362727255 0.00199526231496888 1
5.0118723362727255 0.002511886431509581 1
5.0118723362727255 0.0031622776601683794 1
5.0118723362727255 0.003981071705534973 1
5.0118723362727255 0.0050118723362727255 1
5.0118723362727255 0.006309573444801933 1
5.0118723362727255 0.007943282347242817 1
5.0118723362727255 0.01 1
5.0118723362727255 0.012589254117941677 1
5.0118723362727255 0.01584893192461114 1
5.0118723362727255 0.01995262314968881 1
5.0118723362727255 0.025118864315095826 1
5.0118723362727255 0.0316227766016838 1
5.0118723362727255 0.039810717055349734 1
5.0118723362727255 0.05011872336272725 1
5.0118723362727255 0.06309573444801937 1
5.0118723362727255 0.07943282347242822 1
5.0118723362727255 0.1 1
5.0118723362727255 0.12589254117941676 1
5.0118723362727255 0.1584893192461114 1
5.0118723362727255 0.1995262314968881 1
5.0118723362727255 0.25118864315095824 1
5.0118723362727255 0.31622776601683794 1
5.0118723362727255 0.39810717055349737 1
5.0118723362727255 0.5011872336272726 1
5.0118723362727255 0.6309573444801937 1
5.0118723362727255 0.7943282347242823 1
6.309573444801943 0.0001 1
6.309573444801943 0.00012589254117941674 1
6.309573444801943 0.00015848931924611136 1
6.309573444801943 0.00019952623149688798 1
6.309573444801943 0.000251188643150958 1
6.309573444801943 0.000316227766016838 1
6.309573444801943 0.00039810717055349735 1
6.309573444801943 0.0005011872336272724 1
6.309573444801943 0.0006309573444801934 1
6.309573444801943 0.0007943282347242816 1
6.309573444801943 0.001 1
6.309573444801943 0.0012589254117941675 1
6.309573444801943 0.0015848931924611143 1
6.309573444801943 0.00199526231496888 1
6.309573444801943 0.002511886431509581 1
6.309573444801943 0.0031622776601683794 1
6.309573444801943 0.003981071705534973 1
6.309573444801943 0.0050118723362727255 1
6.309573444801943 0.006309573444801933 1
6.309573444801943 0.007943282347242817 1
6.309573444801943 0.01 1
6.309573444801943 0.012589254117941677 1
6.309573444801943 0.01584893192461114 1
6.309573444801943 0.01995262314968881 1
6.309573444801943 0.025118864315095826 1
6.309573444801943 0.0316227766016838 1
6.309573444801943 0.039810717055349734 1
6.309573444801943 0.05011872336272725 1
6.309573444801943 0.06309573444801937 1
6.309573444801943 0.07943282347242822 1
6.309573444801943 0.1 1
6.309573444801943 0.12589254117941676 1
6.309573444801943 0.1584893192461114 1
6.309573444801943 0.1995262314968881 1
6.309573444801943 0.25118864315095824 1
6.309573444801943 0.31622776601683794 1
6.309573444801943 0.39810717055349737 1
6.309573444801943 0.5011872336272726 1
6.309573444801943 0.6309573444801937 1
6.309573444801943 0.7943282347242823 1
7.943282347242822 0.0001 1
7.943282347242822 0.00012589254117941674 1
7.943282347242822 0.00015848931924611136 1
7.943282347242822 0.00019952623149688798 1
7.943282347242822 0.000251188643150958 1
7.943282347242822 0.000316227766016838 1
7.943282347242822 0.00039810717055349735 1
7.943282347242822 0.0005011872336272724 1
7.943282347242822 0.0006309573444801934 1
7.943282347242822 0.0007943282347242816 1
7.943282347242822 0.001 1
7.943282347242822 0.0012589254117941675 1
7.943282347242822 0.0015848931924611143 1
7.943282347242822 0.00199526231496888 1
7.943282347242822 0.002511886431509581 1
7.943282347242822 0.0031622776601683794 1
7.943282347242822 0.003981071705534973 1
7.943282347242822 0.0050118723362727255 1
7.943282347242822 0.006309573444801933 1
7.943282347242822 0.007943282347242817 1
7.943282347242822 0.01 1
7.943282347242822 0.012589254117941677 1
7.943282347242822 0.01584893192461114 1
7.943282347242822 0.01995262314968881 1
7.943282347242822 0.025118864315095826 1
7.943282347242822 0.0316227766016838 1
7.943282347242822 0.039810717055349734 1
7.943282347242822 0.05011872336272725 1
7.943282347242822 0.06309573444801937 1
7.943282347242822 0.07943282347242822 1
7.943282347242822 0.1 1
7.943282347242822 0.12589254117941676 1
7.943282347242822 0.1584893192461114 1
7.943282347242822 0.1995262314968881 1
7.943282347242822 0.25118864315095824 1
7.943282347242822 0.31622776601683794 1
7.943282347242822 0.39810717055349737 1
7.943282347242822 0.5011872336272726 1
7.943282347242822 0.6309573444801937 1
7.943282347242822 0.7943282347242823 1
