22.39
36.62
39.14
128.8
143.1
155.4
22.95
40.94
39.76
58.52
150.9
109.8
38.03
64.77
32.23
207.9
116.1
71.94
32.21
73.61
20.47
234.0
133.8
39.50
59.95
29.76
42.06
52.44
35.99
144.9
163.2
26.76
21.69
37.17
48.84
69.30
49.55
86.28
27.12
62.04
161.1
53.03
23.78
38.69
25.72
24.50
58.44
51.81
140.3
101.9
34.08
37.45
43.33
72.36
37.57
93.77
106.3
146.7
213.4
38.62
27.61
82.45
138.4
128.8
110.1
180.0
91.77
122.0
58.52
32.51
23.82
53.84
76.68
26.10
184.0
55.29
145.5
41.89
58.72
58.36
45.39
25.48
22.79
36.09
38.29
94.61
21.46
24.96
74.93
60.99
131.8
51.69
20.56
86.85
84.62
33.04
207.7
47.68
32.69
170.1
81.71
86.83
29.74
128.8
32.68
33.76
25.95
34.19
126.5
74.06
109.5
80.43
100.1
37.42
94.73
37.64
22.65
38.37
103.0
80.47
80.17
25.49
48.05
21.19
21.04
75.90
81.97
76.33
64.99
179.5
25.40
104.9
27.34
20.68
32.09
41.33
131.1
35.01
55.47
113.0
126.8
97.51
22.59
124.5
112.5
107.4
176.9
62.52
26.00
71.54
66.18
57.37
33.56
36.32
107.7
31.16
103.6
160.1
107.8
86.59
59.36
76.27
58.73
49.25
116.4
25.28
20.29
136.5
63.70
81.16
21.15
49.28
31.58
182.2
49.38
94.50
117.3
120.5
117.0
35.73
101.3
124.1
63.23
108.6
44.85
93.63
29.28
39.20
101.9
130.9
36.97
167.1
79.27
29.10
29.77
76.89
70.60
37.79
22.57
32.87
33.06
60.89
124.4
63.37
131.6
39.38
31.11
47.44
58.69
30.44
114.7
49.77
56.96
144.2
146.2
48.24
20.22
134.4
69.62
63.71
23.44
32.34
28.08
21.59
51.14
36.27
23.35
46.90
46.20
44.06
20.60
26.98
160.2
100.2
28.39
27.45
117.0
187.7
100.9
25.30
188.5
39.68
28.29
82.83
108.0
91.20
115.5
139.7
63.34
30.73
123.8
91.81
156.2
102.8
24.46
35.40
67.21
70.11
30.31
88.90
65.23
28.28
24.71
269.6
24.08
91.18
88.31
43.46
51.82
53.12
77.79
55.04
137.3
80.02
148.1
158.8
153.1
85.02
119.6
94.78
64.45
23.34
77.76
20.29
21.26
22.34
23.67
25.33
134.3
24.18
35.28
116.7
132.5
68.72
89.25
50.23
34.92
63.05
21.86
123.4
55.80
28.50
115.3
88.27
108.6
57.39
27.35
159.0
51.53
28.09
26.92
52.82
38.61
42.39
59.00
143.0
143.3
58.27
90.20
54.87
99.85
21.11
166.2
62.11
48.40
35.54
130.2
26.80
41.95
48.65
56.27
27.72
53.14
70.93
38.57
90.25
24.93
45.92
88.81
50.49
130.8
78.19
95.83
83.76
93.03
73.63
42.22
162.4
22.65
151.4
111.4
28.63
35.46
34.41
45.70
98.20
39.17
22.95
73.98
46.88
93.47
47.86
40.20
91.08
114.9
37.30
100.8
33.46
29.46
146.9
57.06
68.12
119.0
30.08
86.21
109.5
88.58
60.62
45.14
53.63
126.6
96.48
21.99
31.49
127.6
43.95
45.98
128.2
75.35
49.01
38.25
124.8
44.36
42.02
149.7
77.65
20.34
155.3
28.80
30.64
64.88
66.93
23.20
22.28
59.83
46.50
20.44
48.39
121.3
60.54
33.38
47.20
47.80
29.88
53.71
192.4
21.43
33.87
90.86
27.42
41.42
82.84
23.81
35.59
142.0
28.00
32.64
29.54
55.76
25.39
48.86
147.9
95.55
38.60
85.17
179.9
62.76
98.46
68.24
151.6
132.9
76.46
104.6
81.70
42.80
53.40
127.4
174.7
144.1
157.3
92.46
31.33
23.14
29.62
72.92
175.9
22.53
22.88
41.59
75.92
69.27
73.94
145.4
50.75
21.21
28.74
20.15
20.96
20.73
20.95
47.51
36.66
59.07
130.7
25.79
56.25
28.17
23.88
26.65
79.01
30.81
57.80
87.57
132.0
36.74
90.00
107.5
36.80
23.78
36.86
36.13
66.64
22.91
69.88
49.39
34.12
114.2
79.78
67.99
112.1
38.78
66.97
21.62
61.50
21.17
40.39
162.5
38.89
36.99
104.9
20.77
109.1
78.37
46.08
184.0
29.19
134.1
45.12
90.21
21.64
124.8
62.50
48.48
33.36
132.3
84.13
25.72
78.20
71.21
26.27
197.2
149.7
38.47
105.2
53.36
26.31
23.22
28.80
30.46
20.35
58.94
22.49
36.83
39.90
49.30
131.7
80.51
96.35
25.37
74.99
33.81
59.12
140.5
65.44
117.8
20.51
155.8
101.8
125.2
21.45
127.6
61.59
63.57
37.80
133.4
80.81
121.3
70.25
51.51
40.37
136.4
20.09
69.48
203.2
142.2
34.10
31.88
133.3
27.49
21.04
71.72
27.53
62.78
211.9
166.1
66.34
101.7
147.4
137.9
120.4
88.62
45.67
54.36
65.22
53.31
20.97
26.03
58.36
22.97
28.22
118.9
50.90
205.1
30.37
197.4
50.01
126.1
35.49
39.28
118.7
22.43
159.8
53.11
136.2
86.83
79.01
24.88
22.97
38.00
78.57
47.56
156.4
44.14
41.84
37.57
34.66
81.05
153.9
58.58
145.0
86.77
54.60
77.71
89.11
83.68
121.7
80.31
20.73
56.88
146.8
68.71
39.08
82.53
227.5
31.43
45.53
42.14
191.2
106.4
56.75
21.02
22.69
69.24
86.92
98.41
130.1
128.8
146.8
62.60
20.12
61.16
103.5
34.16
89.54
41.97
76.38
35.33
153.4
20.58
49.55
117.9
21.83
23.08
23.55
20.20
25.14
175.8
30.44
25.66
169.6
47.27
55.01
58.80
23.46
20.15
22.53
28.15
26.63
21.53
61.08
124.1
27.87
54.59
119.6
49.71
23.89
103.0
109.2
50.40
95.05
153.3
56.42
83.99
122.3
22.78
34.69
37.81
89.83
53.42
131.4
21.93
154.2
42.60
41.86
33.76
56.73
22.35
43.83
86.74
113.6
66.53
72.61
113.2
37.58
65.23
30.94
46.85
105.0
39.89
26.13
22.27
187.3
23.38
24.35
68.61
133.7
49.95
23.40
33.39
76.93
84.54
152.2
31.79
39.37
52.57
36.67
21.33
21.10
112.0
100.0
72.66
27.59
23.80
47.91
55.69
72.70
41.78
102.1
32.43
68.93
85.56
113.5
96.21
70.87
36.59
48.94
164.2
139.3
160.0
54.74
42.95
128.6
103.9
61.50
28.06
182.5
20.89
139.2
113.3
158.2
23.38
54.88
40.27
155.8
50.35
82.47
41.61
73.34
31.75
35.32
66.56
55.11
37.30
153.7
122.2
105.9
21.42
81.63
157.5
119.5
52.29
171.2
21.30
57.77
54.48
161.6
60.47
37.81
22.62
23.30
20.69
33.78
30.50
178.7
63.11
132.2
28.82
35.54
55.11
49.30
134.3
97.82
28.91
38.89
30.84
58.85
76.35
44.61
79.76
137.4
23.83
21.06
41.31
53.44
33.48
102.6
51.71
72.64
105.3
25.67
25.93
111.2
66.25
21.06
63.99
45.52
24.40
112.8
43.92
118.8
76.82
82.27
47.90
109.4
25.72
87.35
90.56
114.6
44.70
86.63
157.1
60.06
24.31
21.64
69.01
29.67
73.87
159.6
101.7
23.64
40.34
51.38
109.0
119.9
90.10
164.8
151.5
22.43
48.89
42.72
66.55
155.2
104.2
74.41
38.22
69.84
43.06
24.34
63.36
30.18
61.48
20.74
177.0
24.46
172.7
61.11
29.70
102.8
76.37
25.87
99.58
31.46
33.24
52.70
76.69
162.0
96.32
31.04
31.03
21.98
32.52
20.23
22.12
40.31
22.06
82.19
72.87
24.40
78.65
138.6
35.50
27.33
35.75
47.43
71.00
91.39
22.24
82.41
20.71
61.28
64.34
27.58
58.89
153.2
48.46
28.48
92.31
62.05
43.27
77.97
61.90
26.29
52.48
33.42
187.4
176.4
33.06
58.24
155.3
21.61
53.47
77.17
41.39
71.51
49.83
24.68
143.0
74.39
37.10
44.08
38.34
71.59
40.62
60.04
104.9
59.76
88.41
20.67
21.51
20.55
159.2
40.41
99.60
22.45
21.73
183.8
42.54
122.9
31.86
140.1
128.3
41.71
98.83
64.00
186.7
37.98
58.53
167.6
50.03
41.03
66.01
20.89
31.77
68.61
46.07
65.97
173.8
69.80
52.26
148.2
33.00
66.87
44.43
30.90
57.27
102.6
105.8
98.29
22.22
120.5
38.59
99.73
27.94
27.02
66.64
93.45
36.76
72.42
52.81
153.6
24.98
24.32
94.45
21.15
36.70
31.25
56.56
37.26
62.78
101.0
60.80
57.78
55.30
47.80
56.56
36.61
23.08
106.6
22.65
118.0
21.29
22.18
23.07
23.25
22.73
20.23
73.50
113.9
70.75
44.42
57.16
31.73
22.67
36.17
88.34
29.81
47.89
100.4
29.66
34.84
194.7
88.67
57.94
171.8
39.58
37.54
155.8
27.03
119.8
31.43
26.83
53.55
104.7
45.92
94.62
32.22
61.38
87.67
93.07
77.17
202.9
124.0
65.01
56.08
33.62
77.70
53.01
155.0
32.76
101.6
128.9
133.6
45.74
23.22
31.09
26.69
84.56
30.60
87.35
40.94
123.9
75.81
67.84
44.00
144.6
25.72
53.22
43.45
48.60
176.9
27.43
69.79
39.40
146.4
97.81
167.5
83.88
43.78
27.99
26.01
32.75
80.33
31.22
70.82
129.6
181.8
35.05
22.56
137.3
119.2
28.39
25.27
79.14
159.2
77.92
68.26
126.4
80.79
90.39
33.15
107.8
88.09
59.28
98.05
52.89
20.33
26.15
59.90
32.14
33.44
82.18
29.57
20.44
46.06
152.3
29.64
79.02
148.3
52.38
20.89
42.26
42.61
25.10
22.43
107.2
120.2
40.49
48.21
65.09
120.1
118.9
76.70
78.00
66.08
22.30
30.85
158.6
64.89
48.61
45.20
158.9
150.8
82.07
202.9
133.1
37.27
39.74
177.3
63.02
25.51
26.29
29.55
130.5
98.43
30.95
20.15
20.04
34.96
34.54
27.58
120.9
27.32
61.04
156.6
24.28
141.4
104.2
96.83
33.70
35.89
105.2
176.4
160.9
47.62
27.07
132.1
87.32
21.28
21.46
22.32
21.61
21.59
24.65
22.58
26.26
29.84
30.12
29.22
113.5
67.88
69.62
20.18
20.68
20.33
20.85
20.38
20.82
20.37
21.93
23.45
94.79
55.43
22.48
24.91
47.02
21.23
32.20
104.5
36.07
79.41
64.86
37.70
35.31
32.72
20.33
135.7
28.73
51.12
52.03
105.8
41.81
33.06
50.82
39.30
44.83
32.77
57.93
155.2
22.99
23.04
53.09
102.5
38.71
49.65
28.34
138.9
20.69
60.18
57.09
92.79
32.38
44.55
64.83
29.66
139.7
28.91
31.76
139.7
25.04
36.44
47.12
57.84
126.7
106.3
34.31
86.13
70.49
23.44
64.76
57.68
74.11
28.07
20.76
75.91
29.51
29.26
29.25
22.37
91.59
21.45
38.96
24.95
82.59
71.17
150.9
75.28
24.90
37.38
29.61
79.23
28.70
53.58
69.52
23.53
140.4
54.55
31.68
88.59
47.83
77.73
43.50
21.27
20.90
54.96
42.94
130.6
40.36
35.21
39.50
42.33
32.15
61.13
26.56
30.69
84.14
39.65
26.39
175.9
56.86
20.05
159.6
104.7
21.92
20.18
79.30
121.8
22.75
119.8
48.27
155.6
46.12
29.74
35.04
169.4
41.21
77.32
63.20
29.61
103.2
47.58
38.66
169.3
39.63
32.30
21.51
30.25
55.85
81.11
54.96
94.89
176.4
78.57
63.56
132.2
133.7
70.52
31.16
62.96
26.73
48.89
157.2
183.4
35.49
239.2
157.9
92.33
34.06
38.65
23.46
83.50
56.80
54.76
31.86
49.35
39.19
55.05
127.5
29.74
29.22
135.8
51.26
104.6
34.64
43.63
55.54
41.75
55.74
48.25
30.33
23.15
155.1
57.73
120.6
160.7
91.03
163.4
40.45
201.0
34.66
38.94
100.2
37.38
80.83
85.99
81.75
114.7
98.71
150.4
29.88
29.76
80.93
105.7
91.34
95.13
47.17
39.05
25.61
41.26
88.94
35.60
32.16
42.68
164.3
95.78
123.2
80.51
181.1
24.06
23.37
68.99
40.72
24.54
25.36
21.17
57.99
30.36
77.63
100.6
101.2
74.35
107.6
181.1
25.41
109.7
177.0
59.36
34.60
28.60
29.19
161.9
86.90
203.1
181.5
158.5
21.06
22.82
76.54
165.0
67.00
74.51
76.72
21.12
75.19
30.74
152.3
122.4
22.23
56.34
110.8
45.97
111.9
41.21
20.53
44.78
37.17
69.23
127.3
169.8
192.1
31.96
55.12
52.39
57.22
45.30
113.2
39.30
185.8
37.47
92.57
134.4
76.97
106.4
171.6
88.76
27.24
65.52
30.34
20.17
22.20
21.74
33.52
45.07
62.62
20.87
85.01
20.36
32.05
110.0
28.46
35.57
31.19
48.74
30.82
98.32
24.63
126.5
55.02
33.84
30.58
113.5
61.60
23.82
26.53
36.16
153.9
196.9
109.8
76.77
166.6
65.04
28.05
30.19
168.9
145.5
53.34
68.45
67.82
64.71
149.3
34.97
105.0
96.42
117.1
42.96
47.96
80.22
22.07
178.9
34.63
47.76
26.22
90.91
102.0
52.73
48.19
126.1
176.7
44.82
106.5
114.1
31.54
83.96
37.17
89.70
36.17
115.3
29.59
135.3
31.92
152.7
28.09
24.51
38.12
81.83
121.0
90.58
112.3
53.46
113.0
75.96
22.87
140.4
41.39
152.7
49.82
53.68
36.96
116.2
72.73
63.89
39.11
135.6
83.88
35.92
178.3
42.37
102.0
27.00
47.65
122.6
44.98
57.65
106.2
66.92
48.38
95.12
43.65
81.52
124.8
28.55
116.6
106.7
26.40
36.89
43.65
97.24
70.86
111.5
20.61
22.74
45.73
164.2
149.8
20.80
143.8
20.98
111.4
45.07
30.02
118.3
122.5
27.45
202.8
32.80
34.53
128.2
30.89
33.30
56.70
191.9
38.23
101.8
163.2
40.95
43.35
73.49
161.0
43.46
42.35
137.3
63.58
59.22
27.06
55.54
87.39
172.9
67.86
34.61
33.37
29.34
59.25
136.5
98.06
136.5
218.2
31.54
26.99
90.47
90.81
62.11
23.54
28.78
31.62
177.0
40.64
155.9
35.16
69.47
85.51
28.07
98.78
65.06
158.5
29.25
34.28
79.96
83.66
83.24
171.9
53.68
20.48
103.5
37.12
121.4
76.42
55.24
92.44
39.42
75.73
41.00
60.20
66.34
58.85
72.80
74.73
46.63
71.14
27.65
56.15
151.4
154.7
20.06
21.00
106.2
123.2
46.71
47.79
34.84
134.6
45.87
33.09
40.08
30.58
50.75
33.50
29.64
57.76
157.2
46.78
41.77
47.65
57.41
33.41
26.19
23.66
199.1
56.91
155.1
30.12
34.99
85.73
96.92
59.25
177.7
49.61
26.03
148.9
58.35
28.74
36.93
93.73
51.84
92.55
110.7
68.17
87.38
48.43
41.57
25.47
38.43
159.4
59.44
127.8
33.18
158.0
73.06
75.42
157.0
46.28
176.2
87.17
34.46
24.05
45.96
123.5
25.13
104.1
73.34
22.54
69.16
38.02
136.8
53.27
28.38
105.2
27.49
23.14
27.29
54.50
55.79
71.70
62.87
92.80
91.71
69.73
62.15
32.36
156.8
26.10
49.58
65.17
32.77
47.67
56.94
33.77
35.78
40.74
83.96
20.84
157.5
41.55
33.40
165.0
82.75
23.04
23.36
146.8
77.56
25.27
22.07
179.0
52.64
48.73
89.78
111.9
85.66
195.5
24.98
21.29
39.88
116.0
28.29
35.46
41.62
110.6
42.04
31.06
27.96
137.6
24.83
65.05
139.5
66.86
44.48
106.8
42.28
67.19
167.8
54.87
35.43
145.3
51.73
37.42
74.17
52.70
137.1
99.81
36.08
69.23
64.97
42.31
160.8
85.50
133.0
174.5
91.58
121.7
24.80
21.95
133.0
125.4
67.76
56.49
55.77
28.42
132.3
70.31
28.14
54.72
42.89
92.15
38.35
41.51
69.85
35.62
79.18
97.17
60.50
41.69
56.72
25.27
36.18
21.39
28.52
27.91
156.1
50.43
83.47
36.25
28.06
129.3
23.56
37.11
55.67
95.64
109.1
23.56
48.34
84.28
138.1
148.7
157.2
58.71
27.36
40.22
30.44
26.94
64.57
22.14
38.26
24.82
32.94
53.06
29.17
21.32
108.8
20.38
70.50
23.01
121.5
26.59
195.6
69.34
82.35
25.20
20.43
26.72
91.79
77.94
82.29
78.21
65.56
167.2
130.9
218.0
50.21
46.07
116.5
137.4
59.38
57.45
28.42
90.89
166.5
71.88
67.33
86.12
35.11
63.59
81.00
40.36
76.14
74.51
34.82
148.6
30.00
25.89
49.04
20.51
21.79
24.43
31.14
30.35
25.95
20.63
21.14
39.98
36.86
27.20
52.16
144.2
128.0
147.4
33.14
33.07
54.54
46.15
50.36
38.75
68.03
73.71
161.0
67.75
25.95
94.44
71.52
49.11
26.09
122.2
91.10
76.33
113.2
23.41
107.2
21.80
85.18
151.7
25.22
54.93
20.65
26.40
26.42
81.05
86.16
41.81
40.59
44.78
22.08
96.32
58.98
153.1
105.2
118.8
107.7
81.37
37.82
63.10
95.11
42.55
29.58
110.3
56.85
74.53
28.62
60.55
135.5
35.94
33.37
171.0
145.5
33.75
25.47
84.81
58.63
20.58
46.31
70.29
51.59
23.72
64.10
44.12
50.83
79.23
117.5
26.16
44.76
20.57
111.1
147.6
48.53
41.85
21.05
44.90
32.32
31.39
74.00
77.69
114.3
126.8
69.61
148.9
101.9
44.77
62.26
25.10
21.38
91.84
31.50
41.77
129.4
104.4
91.75
139.6
25.48
82.42
104.9
56.99
60.97
134.2
37.89
25.20
120.5
74.70
79.30
50.30
47.67
52.56
37.87
165.3
138.6
132.2
32.30
78.01
57.09
20.20
77.49
96.63
32.85
135.3
113.3
38.64
57.10
81.33
27.48
90.28
70.52
30.61
102.4
67.57
139.7
45.90
105.2
87.85
43.79
21.97
99.22
28.95
30.07
32.29
185.1
76.11
70.23
40.67
26.71
95.13
35.43
20.26
32.19
34.62
20.95
28.03
38.98
154.2
36.42
21.45
53.69
31.23
37.34
43.90
139.1
80.34
66.51
69.98
70.19
23.06
20.43
175.0
42.87
34.69
28.95
23.20
48.59
133.2
27.12
179.9
48.19
96.93
31.79
25.81
30.06
73.46
46.50
55.64
80.80
27.49
44.15
20.54
21.62
22.81
23.59
23.95
23.79
22.83
22.08
20.99
21.16
20.22
22.62
20.72
21.88
144.3
43.77
27.97
76.45
55.51
26.59
110.0
27.66
155.4
28.97
160.0
69.43
56.17
37.36
27.10
114.3
48.10
22.26
35.13
56.05
159.4
41.46
23.49
39.87
176.6
52.10
192.6
92.59
54.18
187.4
43.48
37.13
54.65
37.56
69.96
41.19
23.13
59.14
22.31
34.28
44.51
53.33
55.60
203.6
192.9
198.9
31.53
30.18
133.7
27.79
35.03
47.26
23.82
22.29
28.24
175.9
92.45
47.56
66.78
104.8
51.24
31.20
26.34
36.78
84.83
70.52
145.7
64.21
27.59
31.59
34.92
43.57
153.7
55.00
44.54
61.48
73.76
21.06
82.21
63.88
55.35
103.7
22.43
35.81
138.2
20.62
113.9
111.7
53.50
81.56
60.95
53.32
130.5
22.58
27.35
34.57
21.68
95.96
93.38
178.3
164.6
158.3
47.24
99.44
73.10
26.92
91.61
158.8
21.82
148.3
155.7
121.6
137.5
24.33
53.27
41.19
34.04
56.87
102.6
29.97
36.69
22.02
60.07
28.86
110.9
42.03
174.8
22.76
81.28
25.47
150.7
49.94
23.68
47.53
81.92
177.2
20.85
30.25
46.70
181.6
153.2
37.75
195.7
198.9
110.2
50.77
116.6
26.98
86.26
162.9
26.94
77.59
64.78
50.61
179.9
42.48
157.6
110.2
26.33
91.42
112.0
45.75
128.5
35.63
83.28
27.92
111.4
53.39
113.4
24.23
52.39
123.5
36.01
33.92
144.6
26.97
36.42
30.11
30.65
35.56
142.5
52.16
86.43
187.7
91.60
25.85
102.8
44.27
22.92
24.70
30.01
52.96
23.00
49.93
115.1
29.21
25.79
56.11
60.71
115.9
56.91
88.95
130.3
122.1
34.48
84.48
42.89
24.77
34.73
37.38
36.06
26.47
25.92
28.83
151.6
157.7
20.26
58.89
73.76
37.73
94.05
33.31
32.85
76.73
36.25
76.16
70.02
33.45
30.01
147.1
23.76
80.38
35.47
151.1
28.08
26.94
183.9
154.7
79.39
38.27
195.0
65.23
41.88
50.78
58.73
150.8
32.13
22.87
126.4
55.11
21.09
26.02
21.05
22.60
35.61
23.19
38.17
111.9
96.67
125.4
103.0
25.78
20.38
20.39
152.4
60.34
32.43
39.94
145.7
48.40
165.6
146.9
105.6
129.7
30.03
158.8
124.7
58.42
49.98
78.15
98.11
60.86
32.76
59.48
29.80
169.4
68.24
107.6
48.53
44.16
30.35
28.63
30.48
88.54
56.60
21.02
28.39
34.36
66.06
23.75
162.7
39.53
25.42
32.50
20.08
77.53
170.8
99.58
137.0
39.16
22.66
65.01
37.30
92.50
53.30
114.3
79.11
66.06
66.50
31.56
60.35
20.29
64.42
52.68
118.5
105.9
40.20
157.1
47.82
44.73
55.00
52.24
55.35
53.32
20.25
61.70
70.06
67.81
89.01
70.70
144.4
23.65
149.0
40.43
47.31
66.60
50.90
46.42
42.81
28.87
76.12
21.62
58.91
66.51
176.2
56.62
30.16
115.2
139.2
47.03
87.88
85.13
34.94
158.1
27.86
55.61
43.85
173.0
57.24
161.0
28.73
192.9
31.72
129.2
112.0
65.28
64.16
29.25
129.3
32.95
128.0
57.37
85.11
42.06
37.18
24.58
135.8
144.5
158.2
21.22
24.02
25.12
22.55
20.94
150.9
134.4
36.87
55.83
36.91
96.15
36.47
21.95
41.49
25.91
32.05
41.18
44.58
47.18
164.0
28.24
103.0
22.73
26.93
44.37
38.44
114.3
25.58
89.15
52.14
31.20
162.4
86.29
20.92
49.99
35.77
70.22
43.67
31.34
60.03
86.52
32.32
86.49
57.46
33.13
153.5
22.22
40.75
44.14
68.34
26.03
68.43
59.20
43.62
59.46
70.52
61.29
24.31
47.19
66.31
40.99
61.79
149.8
41.78
115.1
105.5
138.5
20.64
89.74
61.62
88.98
26.28
163.1
44.41
41.17
36.66
52.22
50.51
60.91
91.68
145.4
141.3
84.28
24.30
141.5
161.8
36.46
84.52
117.1
138.7
129.9
24.73
20.69
21.83
124.5
164.6
71.12
133.9
48.81
23.97
22.12
39.64
102.8
90.27
60.51
40.87
118.1
21.13
105.9
175.7
153.5
25.90
79.26
34.66
116.6
161.2
145.7
117.3
23.47
160.9
56.10
66.04
56.13
146.0
35.86
48.35
48.01
101.2
48.37
98.54
34.25
102.3
27.92
170.2
53.97
52.25
29.87
153.6
166.7
39.15
116.4
41.10
142.8
160.3
37.64
123.9
57.99
42.36
30.67
24.42
30.84
60.23
49.35
124.6
98.85
65.48
25.44
53.03
134.8
28.26
59.23
143.5
159.6
21.09
57.77
33.23
24.30
48.42
184.3
38.40
21.82
34.26
116.2
21.20
24.60
21.57
58.76
172.8
24.97
120.0
87.32
26.71
122.9
96.07
21.45
39.41
30.89
24.69
48.87
82.92
31.37
115.2
46.47
63.62
21.35
95.10
135.9
28.63
28.16
37.24
138.8
22.68
37.74
115.0
28.34
154.1
50.31
29.37
149.5
177.9
25.46
61.69
41.38
115.3
20.49
145.1
42.26
118.3
87.17
20.70
35.63
49.81
172.6
124.3
85.93
177.0
35.63
49.95
92.23
22.03
70.79
37.88
20.70
27.12
39.74
189.9
29.94
151.4
67.59
27.19
21.91
57.35
120.5
183.5
45.02
47.94
146.7
45.96
148.6
43.02
50.17
55.28
51.79
27.63
132.3
58.47
67.69
44.10
49.45
29.28
52.69
86.00
22.44
32.36
44.16
39.60
24.17
40.41
31.38
146.6
34.61
71.92
28.10
142.5
94.79
63.01
56.40
49.30
24.84
144.6
27.89
38.91
176.1
50.99
27.58
193.7
138.6
99.53
31.01
40.65
56.73
70.43
160.7
27.27
64.75
20.34
30.54
59.05
20.46
55.05
32.70
55.50
36.06
43.17
122.2
164.7
23.47
70.77
166.6
66.16
20.76
30.99
89.69
35.47
156.2
91.23
32.75
28.93
124.7
146.2
63.69
36.14
41.51
133.1
39.86
24.34
40.48
85.64
31.98
33.87
90.26
44.46
79.22
63.62
79.15
38.21
32.78
112.0
41.42
92.94
32.26
127.9
38.97
58.46
23.01
85.70
30.85
60.68
34.45
171.3
111.4
92.77
21.78
59.83
123.4
124.6
39.54
137.7
150.0
55.57
60.06
111.4
24.44
20.05
96.78
55.47
152.0
58.95
59.15
37.30
30.70
84.96
38.74
24.28
163.7
113.3
20.54
80.32
79.43
26.04
172.4
21.55
51.09
43.13
36.76
169.4
58.07
35.90
164.8
110.8
179.0
81.44
24.71
71.71
57.91
63.27
145.6
123.1
35.49
35.70
38.17
83.55
82.60
92.49
26.01
20.11
21.74
163.1
114.7
36.40
104.6
42.07
53.86
205.5
56.99
48.42
33.08
41.80
51.63
49.48
88.70
38.33
56.62
29.98
37.73
183.1
37.58
45.82
24.67
30.06
90.36
109.1
139.9
58.52
45.47
177.2
20.39
51.10
47.42
137.5
163.6
177.5
50.55
33.49
20.86
41.90
36.48
64.07
182.3
103.5
23.80
188.1
28.87
39.86
22.61
39.95
107.2
168.5
26.36
82.65
149.0
28.28
20.85
33.01
167.8
158.2
88.31
41.75
60.88
20.73
110.9
159.5
32.17
33.03
67.26
35.99
117.8
26.02
97.93
21.20
118.9
146.0
117.2
155.3
158.4
77.13
98.88
31.80
27.44
41.29
106.8
107.5
71.08
25.21
71.70
47.01
24.83
44.15
150.1
103.4
70.54
157.8
23.06
59.66
103.3
78.86
79.99
21.72
53.86
129.4
161.1
161.5
33.80
20.12
185.8
49.64
101.5
31.67
22.46
41.71
149.5
42.12
174.7
163.1
120.2
140.5
169.3
20.45
147.1
161.2
156.6
46.12
171.1
51.15
48.87
184.7
142.4
114.0
125.0
140.5
21.26
23.20
24.58
20.41
24.08
25.29
20.10
173.3
206.1
34.48
147.9
43.64
44.05
46.63
151.4
125.5
33.86
74.74
175.4
32.30
38.66
143.8
21.24
106.5
50.34
61.13
94.70
25.45
146.6
85.64
28.42
100.1
34.91
66.83
116.6
131.7
48.16
134.7
76.65
172.2
30.52
177.7
42.61
30.72
171.8
20.67
20.89
31.31
141.7
117.7
47.52
124.2
60.65
171.8
52.30
121.2
153.2
196.9
26.55
176.5
43.46
33.00
111.7
27.17
28.15
54.34
67.35
70.75
174.8
167.7
28.75
64.86
38.88
138.3
37.60
52.86
189.7
45.81
51.80
82.62
77.58
20.25
26.88
30.66
112.9
22.39
99.06
61.53
183.8
30.52
91.94
117.6
29.16
40.35
114.2
65.90
127.9
136.3
160.4
193.7
124.4
148.7
161.0
53.80
166.5
41.23
110.7
47.53
36.70
25.66
159.9
22.51
31.37
132.9
61.21
114.1
47.65
53.75
35.11
179.8
44.93
79.37
106.9
116.0
157.3
66.53
127.1
56.40
28.80
25.13
20.71
57.18
63.89
66.63
192.0
52.81
81.99
58.36
130.3
29.87
55.62
37.29
67.01
55.12
125.8
32.52
55.41
38.01
50.96
64.37
32.09
163.2
63.33
96.38
126.9
88.25
28.01
143.5
45.90
167.7
36.67
51.14
191.6
33.54
48.87
46.45
130.7
109.3
30.90
107.0
135.0
105.7
126.8
171.6
73.10
79.15
23.88
54.44
22.01
34.24
58.34
33.80
51.92
135.4
62.25
21.34
59.37
22.08
26.29
50.94
50.78
75.79
65.74
37.13
70.62
25.56
21.64
137.5
94.83
135.2
167.6
75.06
45.69
98.67
153.7
142.0
78.75
39.18
28.54
34.44
39.73
22.92
29.25
26.70
112.9
39.19
26.70
26.04
36.66
48.88
142.7
116.3
170.2
23.13
28.48
28.93
23.19
30.59
50.91
105.0
41.52
31.88
43.28
61.49
42.39
38.47
23.31
57.96
21.74
187.2
63.01
43.17
130.2
114.8
135.8
178.0
63.77
46.02
185.0
100.5
43.08
203.0
39.57
41.98
153.7
136.6
43.78
135.5
160.2
35.12
39.28
41.71
152.6
158.8
106.2
157.2
158.7
137.6
24.23
21.20
162.5
70.18
45.16
159.1
55.60
34.84
32.20
29.23
34.39
144.8
181.6
37.51
43.51
22.42
25.12
85.93
37.60
25.59
35.41
30.80
166.3
134.3
26.49
74.14
27.06
161.2
21.79
54.24
20.51
150.8
57.48
86.83
42.40
128.8
58.48
23.62
21.00
22.16
26.60
34.98
102.4
70.83
184.7
127.3
51.52
122.3
81.59
122.5
81.84
154.4
168.9
29.58
37.21
70.62
80.18
172.0
48.61
24.86
47.87
27.12
83.23
22.13
103.9
82.19
34.43
42.41
82.59
27.93
79.43
41.97
165.3
21.01
33.32
22.43
209.7
153.1
32.36
25.48
172.5
53.98
67.18
36.82
121.9
41.04
26.94
23.08
20.17
26.50
128.4
24.62
23.43
175.1
105.9
24.17
161.5
73.27
136.7
55.32
27.18
37.42
54.80
123.4
100.8
55.44
79.83
46.70
70.26
170.9
131.5
27.56
45.90
37.94
176.1
108.3
28.96
30.58
38.50
41.47
146.6
115.0
50.05
131.8
30.46
149.7
51.32
72.33
81.99
133.1
46.54
40.81
20.89
68.16
92.54
147.4
28.32
63.09
45.01
34.81
96.07
25.40
28.01
132.4
20.88
126.9
124.7
195.5
60.68
154.3
121.0
40.55
63.30
21.53
29.34
52.22
64.34
42.58
24.39
22.61
169.1
168.5
32.31
21.99
28.49
171.5
148.4
166.1
169.6
49.65
145.3
141.3
29.11
133.8
20.64
25.21
104.3
27.93
53.25
80.24
72.86
40.35
66.93
91.74
21.55
105.4
123.5
40.90
54.44
71.50
26.68
46.91
67.50
156.8
94.69
165.4
23.59
48.32
47.41
30.34
28.08
22.71
133.5
27.33
140.3
45.51
184.1
39.76
30.59
58.76
50.06
25.83
33.80
118.1
144.2
33.09
62.19
110.6
104.1
29.66
158.9
127.7
196.3
21.07
29.39
179.5
27.78
74.31
86.20
133.6
125.4
163.5
64.55
25.84
53.01
136.3
38.76
120.6
29.60
73.04
88.22
94.51
138.5
38.54
62.52
23.13
136.6
31.18
62.68
24.73
53.40
32.87
39.07
86.82
157.4
130.5
30.56
155.4
25.10
112.1
32.40
197.4
44.46
122.9
87.38
50.84
33.46
40.92
56.55
142.3
154.7
30.73
46.54
45.63
24.26
139.8
160.6
64.05
54.56
30.69
51.70
87.13
70.10
45.88
160.7
123.0
166.7
24.81
71.03
41.30
33.34
184.8
114.9
46.28
168.6
90.77
222.9
34.12
39.46
22.26
111.1
35.71
43.10
153.5
93.26
57.13
30.79
26.88
154.9
66.79
45.05
56.66
71.58
147.5
150.1
132.7
32.15
37.45
135.0
31.81
27.40
26.55
47.94
26.36
49.64
72.91
86.48
76.70
26.76
25.04
135.3
156.6
42.65
56.33
55.18
42.68
76.31
39.33
35.43
173.0
26.94
25.24
142.3
166.4
93.19
29.84
113.8
32.70
173.9
57.24
22.18
55.13
20.97
85.72
47.08
129.1
40.06
129.0
137.3
47.69
43.64
26.85
123.5
44.40
130.3
171.0
162.3
22.38
72.37
23.41
83.91
120.1
146.9
36.65
116.5
21.06
123.6
162.4
183.6
58.55
185.8
134.4
53.86
20.70
48.74
55.48
87.49
85.72
27.11
133.7
107.5
49.88
56.78
38.70
77.43
37.12
20.94
174.8
23.72
150.8
136.3
29.27
134.6
27.72
22.22
27.79
148.1
26.95
136.3
37.25
164.6
166.0
47.38
114.5
35.66
95.31
22.62
26.15
24.89
22.52
104.5
28.21
48.36
46.01
35.72
38.56
20.16
143.4
93.59
141.3
27.35
120.2
142.4
40.71
54.01
49.93
106.9
42.35
35.71
95.64
56.19
162.2
37.29
36.26
59.00
27.56
20.94
108.8
131.8
95.53
30.37
61.69
26.31
98.95
29.57
21.42
44.63
91.89
176.9
97.36
44.74
38.79
108.0
76.85
50.91
60.20
159.9
100.4
38.25
186.3
58.39
35.96
22.75
34.49
32.71
66.19
130.6
24.53
77.31
153.0
83.72
25.26
191.3
26.12
100.1
31.42
47.34
42.62
22.29
101.6
44.56
88.67
24.06
111.6
22.43
162.4
59.60
113.0
81.92
48.53
75.04
78.15
22.38
148.5
111.8
31.34
30.34
80.49
37.66
175.6
63.04
29.86
169.7
178.3
20.56
21.96
126.8
29.73
36.60
23.66
150.8
53.05
80.20
39.74
154.2
30.11
115.3
49.46
107.5
81.27
25.05
47.95
43.51
24.86
120.1
113.9
107.8
153.9
37.45
155.5
130.2
150.5
23.66
156.4
37.18
93.04
98.21
59.35
36.61
78.51
132.8
36.79
37.35
36.28
21.87
137.9
55.52
53.43
151.9
89.61
25.20
106.1
20.51
137.8
24.77
151.2
66.79
23.82
128.8
66.84
120.6
203.3
81.91
21.15
22.13
39.85
30.19
129.5
103.1
39.10
44.52
143.9
87.39
51.23
102.1
44.12
42.44
162.7
118.3
122.2
37.59
26.23
23.46
44.21
156.1
83.78
22.53
59.34
121.0
115.9
149.0
100.3
21.25
35.78
49.41
102.7
117.5
21.92
97.14
29.84
22.81
103.6
47.62
46.41
32.81
51.49
86.65
82.08
34.52
26.10
23.84
37.02
54.64
92.19
27.96
149.6
31.48
141.7
45.39
175.1
26.07
36.51
153.7
164.0
167.0
21.63
25.62
105.9
58.46
48.51
81.42
20.50
116.8
35.12
55.84
66.77
160.3
37.81
43.87
102.4
118.9
20.76
20.07
20.32
30.70
44.83
39.55
94.09
113.8
135.9
34.60
145.5
140.8
173.9
77.68
150.2
41.60
192.4
36.58
35.96
20.88
133.4
47.42
74.60
123.5
59.08
183.7
138.0
41.45
157.9
41.39
28.23
23.44
38.53
38.01
160.1
61.08
58.62
143.1
75.20
46.18
167.0
24.56
144.0
133.6
144.9
78.10
36.83
25.02
24.41
175.4
148.0
103.3
51.53
21.10
181.1
32.47
31.79
43.07
89.75
38.44
149.5
96.26
30.72
27.15
183.8
171.2
59.95
27.12
100.3
23.34
38.12
165.2
68.46
30.57
31.10
37.60
133.4
118.5
20.70
22.05
146.8
28.27
27.87
47.20
25.31
21.86
22.42
151.9
31.61
148.5
186.0
117.0
50.73
135.2
49.64
36.31
31.02
30.96
39.54
23.04
47.53
84.85
178.2
42.57
191.5
40.51
59.05
171.4
158.0
26.22
155.2
83.04
128.8
26.01
36.14
49.67
107.4
145.9
117.4
186.6
29.44
55.58
164.6
167.8
44.38
68.83
117.4
37.04
43.12
188.8
166.3
58.79
20.97
91.38
141.4
27.32
186.1
28.37
32.24
21.88
43.03
159.9
27.24
117.5
158.7
31.37
169.1
162.1
20.83
110.0
37.76
170.2
184.3
38.79
34.62
106.7
47.33
38.47
177.7
27.76
160.2
178.0
143.3
69.68
29.45
116.5
24.38
20.07
137.9
72.55
90.80
25.12
100.4
102.0
38.72
133.6
22.60
167.5
24.57
76.81
162.5
97.93
158.8
28.22
147.7
91.81
34.31
201.0
122.7
97.02
40.27
179.6
49.21
158.6
26.48
162.5
37.78
57.86
150.6
36.75
45.51
38.37
26.44
23.76
71.75
70.55
94.88
157.7
124.0
132.6
22.50
34.50
183.3
33.66
41.19
165.6
80.48
68.73
144.8
96.87
146.1
22.87
145.1
216.6
57.91
35.92
174.1
158.3
42.33
125.9
133.4
27.65
97.25
41.27
116.0
162.8
52.54
74.02
22.70
101.7
28.66
23.35
24.19
174.1
29.02
21.71
22.28
146.1
25.58
173.7
122.3
20.17
68.57
43.76
84.77
45.62
82.21
109.0
81.49
141.1
24.82
163.1
162.6
44.22
122.7
144.3
120.0
48.61
95.52
62.57
21.26
62.40
129.8
112.9
193.3
203.6
54.35
57.52
24.55
202.9
176.0
169.6
54.92
173.2
45.35
53.13
71.57
83.74
150.0
95.98
55.67
47.24
85.22
28.16
37.98
24.60
37.50
44.07
22.62
38.45
44.79
80.21
24.60
186.3
29.66
48.70
84.67
36.52
35.58
49.10
148.2
37.26
43.13
38.20
42.79
165.1
155.9
34.25
148.2
28.62
135.6
37.01
70.84
144.5
181.3
61.61
123.6
54.61
35.64
75.10
125.9
25.64
160.0
99.70
121.2
142.8
29.54
32.57
39.24
110.1
153.1
47.08
80.35
24.51
22.69
131.7
147.1
40.44
120.0
142.0
66.58
25.38
63.95
49.17
40.07
81.26
93.37
82.64
27.32
87.73
99.93
56.14
183.9
47.86
169.2
113.2
22.09
52.94
140.5
72.93
20.45
37.08
45.77
39.16
25.54
52.64
195.4
167.6
129.5
193.1
46.83
22.28
111.3
24.88
152.7
22.37
24.40
22.23
161.5
91.30
29.77
74.18
24.17
145.2
30.22
23.12
29.43
30.41
63.54
33.46
65.45
21.73
35.00
136.6
53.87
108.1
23.83
114.8
142.0
64.78
24.85
43.04
107.5
112.1
29.99
27.76
64.70
128.7
49.80
35.96
26.72
43.77
86.89
46.38
32.96
136.9
126.9
93.21
116.6
24.50
121.0
40.23
43.99
83.14
80.83
23.78
28.86
24.76
66.51
116.6
144.2
37.99
36.70
58.43
30.88
93.24
74.42
157.1
192.1
36.54
22.66
145.0
65.44
42.27
115.5
35.36
25.46
58.44
95.53
93.27
190.4
190.2
166.6
94.29
47.71
20.47
134.3
135.2
60.83
130.9
136.5
40.28
72.48
68.06
43.36
41.30
187.1
63.69
41.20
186.2
192.1
123.0
29.68
38.94
116.5
26.35
22.27
68.29
27.00
40.47
26.63
66.29
26.45
87.43
42.16
130.4
41.01
41.34
125.5
110.2
104.6
25.57
45.47
126.9
48.74
27.11
130.0
58.21
81.49
26.34
58.46
22.28
106.9
48.74
39.97
40.89
112.7
49.11
146.9
138.6
26.93
26.22
88.17
179.1
143.4
110.2
26.58
20.20
117.5
109.1
91.20
95.06
81.90
77.29
145.5
139.3
120.2
37.49
144.8
129.8
76.48
23.75
140.4
25.15
126.1
21.99
22.20
139.4
48.57
55.96
20.23
158.3
22.25
74.90
57.78
179.5
21.13
176.5
28.68
36.84
60.32
21.94
146.1
28.23
127.8
102.7
127.9
126.1
178.5
28.57
24.21
55.73
30.19
98.21
41.43
41.64
48.93
79.23
79.29
64.42
167.2
80.12
34.36
25.50
53.27
235.2
25.13
41.42
52.19
33.25
67.37
158.1
111.4
25.12
39.25
39.90
43.42
133.6
158.0
40.50
80.58
83.70
41.59
170.0
144.0
144.0
59.57
159.5
61.35
29.22
39.63
169.9
36.12
143.9
125.7
50.99
141.2
35.94
95.12
26.20
74.05
23.22
43.78
33.87
150.6
53.26
30.26
69.44
95.77
40.62
107.7
27.67
23.07
184.8
67.15
94.47
87.08
133.4
156.0
66.21
25.82
139.9
27.06
117.7
34.89
152.6
148.7
66.87
58.92
180.1
35.56
114.3
140.2
32.32
104.2
75.12
88.92
23.84
49.78
40.67
96.45
33.35
102.7
39.97
103.5
27.01
111.5
27.06
20.61
162.4
32.42
28.83
42.93
34.31
24.06
21.96
147.3
25.90
31.09
127.6
36.29
140.1
121.7
22.99
93.31
30.11
22.26
157.0
26.90
81.81
153.9
50.82
33.90
137.6
85.54
37.34
34.89
53.80
140.4
163.2
151.1
82.59
36.87
152.0
137.7
93.55
119.8
24.83
124.6
34.37
134.8
138.1
33.95
127.6
153.2
54.41
119.3
21.35
69.43
23.39
26.89
117.6
27.10
25.62
26.43
66.52
44.90
111.6
62.42
44.34
82.63
79.33
138.1
24.96
42.07
41.50
36.69
135.0
25.41
55.73
107.7
25.27
60.14
39.34
47.32
23.23
39.68
57.04
82.24
25.31
24.14
43.23
131.6
50.40
43.09
32.62
37.83
159.6
175.2
54.93
106.5
25.87
55.70
133.3
35.93
137.4
168.5
127.2
40.13
118.4
127.1
158.0
146.2
44.91
45.78
71.93
27.50
46.90
26.99
41.03
51.82
45.93
49.74
110.8
71.15
27.36
146.7
133.8
24.15
53.15
20.92
175.4
28.71
67.25
45.68
111.5
21.13
32.96
39.64
95.70
59.49
30.48
151.2
159.1
40.60
80.79
163.9
66.41
37.03
21.05
30.98
57.54
72.15
20.54
20.96
33.13
39.32
27.97
27.57
180.4
145.6
30.65
139.1
57.16
25.88
173.1
101.3
51.96
57.26
111.5
60.91
104.2
180.6
121.0
88.32
52.90
156.5
115.7
100.8
191.4
26.10
38.47
31.59
23.14
89.60
21.32
33.17
24.99
102.7
88.75
35.75
63.39
31.87
96.24
60.08
98.76
196.6
63.66
49.45
78.83
33.64
168.5
48.62
20.47
122.0
128.8
144.1
48.78
156.8
54.70
206.9
166.5
94.08
42.97
20.56
28.66
32.58
68.87
38.49
156.6
73.67
92.54
73.63
141.8
69.44
72.45
118.4
37.29
73.75
139.7
37.35
131.2
42.13
35.67
121.9
31.10
58.92
154.0
29.55
129.8
146.2
102.1
133.8
30.83
104.7
51.76
131.3
41.93
150.6
32.65
76.80
25.23
71.15
23.49
116.8
101.7
50.37
121.5
201.9
47.38
101.8
59.47
188.3
74.26
110.2
53.58
21.42
60.81
157.5
23.23
42.46
185.6
148.2
24.85
146.5
28.84
37.21
124.1
154.8
124.5
178.7
22.04
25.27
21.74
66.27
26.15
41.88
27.03
32.26
38.55
172.7
30.78
23.80
117.4
114.3
25.82
45.54
38.73
30.64
137.2
80.32
91.57
60.90
127.0
145.8
23.92
33.94
37.75
31.67
37.18
150.6
119.1
32.45
41.94
36.37
134.0
75.62
154.5
57.42
104.4
35.10
156.1
23.99
141.8
151.3
177.7
25.58
161.9
184.1
38.46
99.47
22.88
66.34
145.9
164.3
72.36
132.4
143.3
179.9
135.2
63.96
50.99
23.41
45.80
83.58
40.52
134.2
93.51
22.52
40.81
165.9
23.08
139.9
124.7
42.89
155.5
20.66
167.6
121.0
24.31
141.0
34.98
64.49
50.20
104.5
60.10
20.60
42.55
125.8
51.18
89.76
66.64
49.95
128.2
23.91
34.65
140.1
154.6
84.51
103.6
23.29
113.1
59.53
76.26
48.23
35.60
176.2
123.1
79.78
84.28
60.78
23.32
155.1
97.79
122.3
168.9
120.6
26.57
22.51
168.9
37.38
162.1
118.2
25.90
47.47
20.77
26.79
110.5
199.3
36.87
111.1
21.59
26.48
160.8
178.2
41.64
24.34
46.21
156.6
23.65
47.20
79.62
24.12
96.78
39.26
81.57
113.2
158.2
20.84
111.4
23.72
38.25
27.75
43.55
139.9
105.7
54.59
106.7
43.53
26.76
21.48
28.78
33.97
55.37
114.7
166.9
29.28
102.3
30.46
121.6
38.07
128.8
34.48
35.18
116.5
131.0
135.3
112.1
25.61
105.1
59.27
31.70
34.56
21.74
163.2
25.49
57.10
20.31
178.6
149.6
109.7
151.5
77.42
33.10
28.19
157.8
35.08
117.7
44.69
22.91
56.15
108.7
142.0
76.93
58.78
144.9
37.82
36.25
25.03
128.2
135.3
106.9
101.6
21.38
24.75
37.24
38.91
140.5
129.7
26.05
163.1
34.14
107.8
38.41
162.4
26.05
25.72
165.1
205.0
208.8
20.14
51.78
20.79
45.01
26.51
40.09
30.41
56.16
60.50
143.8
42.67
37.04
175.6
169.8
21.24
34.43
25.87
129.4
98.32
38.26
26.38
23.90
25.75
121.9
102.9
117.5
146.4
32.90
21.80
24.43
149.1
86.86
20.54
22.06
53.65
145.4
21.14
44.97
113.7
23.15
175.3
27.63
93.79
25.35
141.0
138.2
53.71
124.7
67.78
30.30
128.2
30.47
78.86
70.50
27.65
202.7
206.3
31.89
45.10
97.82
144.3
28.37
20.65
30.46
28.30
42.56
45.82
25.51
22.57
27.94
48.58
113.9
46.92
134.1
22.19
21.81
69.83
50.67
22.09
27.90
21.77
82.48
38.29
26.33
20.49
64.67
160.9
23.29
31.99
20.56
20.73
57.49
93.18
131.8
42.48
64.87
162.6
87.57
33.17
66.30
121.4
31.48
124.9
35.80
97.43
167.3
154.5
48.00
60.49
53.28
35.48
202.4
25.34
35.38
21.18
33.91
41.99
165.1
30.54
36.15
21.02
46.27
103.7
32.14
35.45
91.48
73.09
64.60
30.58
25.06
149.6
44.73
72.70
127.7
97.39
29.15
119.5
69.15
140.6
114.4
26.30
154.3
31.95
53.38
39.46
29.57
52.93
166.8
24.99
20.93
168.4
110.0
24.91
30.16
28.28
134.1
141.7
53.85
20.47
107.0
155.4
83.42
93.60
165.1
49.08
31.32
200.2
172.0
136.1
88.05
54.57
99.12
30.82
45.41
106.2
32.56
196.5
139.7
164.9
130.5
144.7
26.70
92.02
72.20
21.65
165.4
177.6
103.9
124.6
21.31
28.09
123.3
143.9
130.9
179.5
20.72
50.69
39.83
125.3
124.6
20.12
193.8
45.57
173.0
48.89
199.9
24.77
143.4
45.72
21.40
160.6
125.8
25.88
36.13
128.1
47.42
102.2
168.5
21.71
39.03
61.78
50.40
24.27
34.66
160.4
68.02
92.76
22.93
61.44
85.06
28.12
49.99
130.7
23.14
22.03
87.10
31.14
27.77
25.67
53.92
41.02
20.44
53.15
97.21
43.09
82.21
31.25
47.72
37.13
116.3
113.2
143.1
27.98
169.8
26.21
23.15
172.0
159.6
35.05
113.2
46.79
136.8
94.80
109.2
153.0
109.7
115.6
120.5
22.05
55.36
139.1
174.9
87.06
33.82
75.31
95.98
23.33
32.42
85.88
93.91
149.5
165.0
148.1
105.7
59.51
46.48
47.68
62.63
35.50
91.76
47.69
32.41
129.0
35.98
41.35
143.8
34.78
121.9
30.75
188.3
119.9
91.82
162.2
120.6
27.66
129.2
66.33
81.31
117.5
29.98
30.33
34.05
130.3
44.15
149.1
117.6
27.71
128.0
89.96
170.6
79.83
42.45
26.59
25.13
85.80
153.7
21.11
115.0
26.45
161.7
138.2
40.47
151.8
166.0
138.6
153.0
42.74
89.39
50.85
173.0
155.2
145.9
145.4
71.06
167.5
141.2
37.77
37.05
142.7
51.63
61.33
31.50
162.9
56.71
119.8
30.28
139.3
114.7
75.67
144.1
121.4
115.6
26.15
27.51
81.49
156.5
74.14
113.7
152.3
20.46
194.2
29.47
153.8
143.1
26.73
173.1
34.33
130.4
162.9
155.2
69.06
40.57
90.72
106.9
33.52
145.8
27.88
23.53
104.6
24.17
121.3
139.5
146.6
39.68
30.11
78.20
46.18
89.77
20.65
37.35
130.5
80.24
44.99
22.76
63.12
79.35
43.49
21.73
28.39
49.72
154.2
170.7
144.7
89.41
20.68
174.7
27.28
109.4
34.04
22.57
22.23
140.3
25.33
127.6
49.94
78.21
142.1
21.25
95.94
20.96
35.10
75.36
131.1
56.16
28.96
20.15
85.88
144.4
22.07
187.6
128.3
31.72
71.30
73.81
24.85
54.18
139.9
93.60
24.74
144.8
46.48
190.0
143.2
106.0
21.24
30.18
27.19
30.56
40.46
29.81
30.46
72.68
64.55
76.39
134.7
25.43
72.28
181.8
69.27
40.45
138.8
44.98
184.6
118.6
160.2
91.30
59.41
155.7
137.5
131.6
22.05
104.5
145.6
48.15
156.5
23.14
132.2
150.9
32.33
131.8
133.2
88.52
20.98
35.62
97.12
51.12
67.75
33.35
85.70
140.4
44.54
150.6
208.0
99.15
83.56
31.60
67.16
144.3
30.42
27.71
147.4
153.1
35.05
39.78
134.0
169.8
158.3
82.74
27.60
20.82
108.5
36.88
84.60
97.31
101.0
129.2
161.5
90.80
166.4
142.4
185.5
101.6
54.72
142.3
192.4
38.01
201.3
145.6
36.90
70.11
41.32
77.41
146.7
174.5
56.36
111.3
42.32
126.7
33.22
48.55
65.84
49.64
43.66
38.61
188.3
42.12
21.40
112.8
30.27
32.93
63.75
38.61
112.8
24.06
52.88
169.8
152.2
29.02
20.72
152.0
21.73
80.16
23.62
95.28
22.96
33.30
42.85
26.58
22.82
20.17
52.88
54.36
141.0
210.2
25.26
24.82
126.9
89.18
31.17
20.39
101.0
135.4
71.76
119.4
97.63
149.8
162.6
61.93
44.19
225.4
162.5
129.3
48.06
94.63
20.33
151.3
134.8
42.10
38.47
30.90
22.33
27.82
77.28
57.36
110.6
85.06
153.6
150.7
38.53
162.8
197.9
34.26
23.61
106.5
50.36
138.3
57.22
31.62
137.0
25.81
175.0
157.5
102.7
102.2
106.9
20.71
28.86
44.94
121.0
74.06
155.5
57.81
54.01
149.2
24.67
25.10
44.73
22.29
28.28
161.1
43.07
149.9
28.67
103.9
33.27
33.72
119.9
47.26
181.3
90.75
60.71
24.98
65.74
120.5
142.6
34.66
156.3
88.42
23.92
28.56
33.52
79.69
46.60
72.71
128.6
204.4
31.38
34.62
29.84
87.61
143.0
107.6
150.6
47.36
39.07
32.40
35.31
128.4
32.37
22.98
23.99
76.70
52.69
27.21
24.90
191.3
33.11
57.03
23.47
131.8
144.6
21.80
36.63
26.14
21.30
43.88
66.62
45.82
36.57
30.05
163.6
119.1
69.13
143.4
53.86
39.48
140.1
24.88
35.71
121.9
49.26
57.82
40.29
182.9
22.03
172.5
22.95
50.28
80.36
98.46
147.2
153.9
39.36
34.93
141.7
45.19
96.29
47.79
169.1
83.76
24.30
24.05
25.43
25.05
25.76
24.01
25.50
24.35
25.64
24.89
25.41
26.32
23.73
26.60
22.46
25.88
21.01
25.04
21.68
26.13
22.94
24.25
21.56
25.85
22.89
24.46
21.75
25.63
21.74
24.96
21.96
24.94
21.92
25.20
22.01
25.14
22.16
25.45
21.29
25.48
22.07
24.66
22.30
25.41
22.20
25.45
21.55
25.82
22.23
25.62
22.26
25.92
24.68
21.76
24.79
22.03
24.97
22.30
24.80
21.74
25.68
22.44
24.64
21.78
25.44
21.82
25.19
22.23
25.12
21.81
25.53
22.05
25.36
22.26
25.46
22.64
24.98
21.78
25.38
21.91
25.44
22.06
25.65
22.43
25.24
22.24
25.43
22.23
25.49
21.89
25.55
21.92
25.65
22.59
25.85
22.33
25.18
22.29
25.58
22.13
25.44
21.71
25.85
22.40
50.71
25.74
22.64
25.11
22.16
25.00
21.88
25.43
21.95
25.27
21.88
25.24
22.04
25.15
21.83
25.48
22.04
25.25
21.94
25.01
22.13
25.39
22.33
25.40
22.37
25.00
22.45
25.19
22.15
25.38
22.09
25.66
22.30
24.80
21.95
25.65
22.68
25.29
22.60
25.44
22.48
25.51
22.24
25.42
21.58
25.89
22.03
25.18
22.13
25.63
22.33
25.19
22.20
25.68
22.65
33.04
21.04
25.45
22.39
25.52
22.22
25.59
22.51
25.61
22.11
25.65
22.18
177.0
33.50
131.2
22.06
21.59
33.11
20.95
164.6
146.6
47.10
122.2
96.66
24.80
23.06
143.8
58.28
21.81
34.98
178.0
54.74
107.6
80.31
50.66
76.99
131.2
37.82
115.1
35.31
125.4
119.9
43.52
26.33
197.3
60.74
44.79
152.2
165.1
138.0
144.8
39.16
148.2
104.7
135.4
34.41
41.67
105.8
168.7
41.70
65.75
118.7
87.07
131.9
32.54
25.95
128.5
24.46
116.0
118.1
28.74
89.76
21.87
36.63
44.02
135.9
29.07
156.0
130.7
175.0
43.34
46.73
125.3
122.5
104.8
40.72
42.31
40.33
150.1
159.1
117.1
138.2
75.22
35.26
118.4
23.33
52.43
111.9
36.55
132.0
116.2
56.00
130.0
70.05
132.3
53.07
72.89
86.83
176.2
176.8
55.87
31.70
22.46
35.94
30.21
41.69
38.21
97.24
137.4
79.81
50.47
44.49
133.5
129.8
97.90
101.5
35.99
143.6
61.37
25.60
32.28
157.8
130.8
23.41
22.17
31.31
113.7
61.90
27.08
51.36
59.83
134.8
138.9
62.83
73.61
170.3
134.3
97.90
146.9
131.5
23.72
173.2
68.36
59.89
25.49
25.79
178.6
61.32
33.22
97.11
94.41
58.31
20.41
20.16
89.25
58.94
84.49
131.1
22.81
157.8
46.53
158.1
78.21
122.7
24.87
168.6
35.61
158.2
32.36
22.82
87.12
157.3
160.8
169.3
31.46
127.5
148.6
25.22
99.12
114.1
109.8
86.26
85.49
192.6
107.6
157.2
88.27
91.27
128.2
47.08
105.4
43.53
138.5
100.3
178.9
119.0
46.24
90.84
52.26
38.96
36.74
42.48
50.71
38.32
103.3
165.1
138.1
27.55
119.0
50.96
32.23
25.67
118.4
96.99
125.4
20.93
41.86
106.9
33.64
29.20
159.9
133.8
20.35
20.39
76.54
60.85
25.35
29.87
24.20
26.38
23.40
27.60
148.6
57.14
33.91
60.31
40.43
158.1
28.46
45.25
36.35
23.83
37.16
35.44
92.47
40.69
38.08
39.53
35.72
93.52
24.62
168.0
29.47
23.13
29.80
168.8
42.90
116.6
134.0
26.53
31.69
73.95
36.65
149.7
27.06
34.25
56.08
128.2
85.48
80.57
36.23
188.2
36.52
42.15
85.10
139.6
56.33
42.29
150.0
29.78
49.55
54.59
32.46
36.90
42.93
135.3
23.41
30.99
105.9
166.8
23.11
33.45
138.3
121.7
174.8
118.5
29.13
155.5
20.76
32.41
41.13
20.93
102.5
26.25
157.4
123.0
187.6
150.8
127.1
57.31
138.4
66.05
50.15
162.0
130.6
35.39
35.98
40.10
95.49
169.4
44.29
48.35
66.15
74.47
99.17
30.06
113.2
99.28
21.58
48.80
107.9
128.0
110.3
146.3
38.77
123.6
49.45
35.12
132.4
58.84
46.39
114.2
44.27
29.52
131.6
25.76
86.18
104.1
124.4
62.75
47.11
118.3
31.01
116.7
71.69
76.86
168.0
33.74
31.91
172.4
127.5
58.57
160.7
35.96
45.35
152.8
32.77
180.4
24.99
35.24
169.1
183.6
149.2
72.06
140.5
98.71
150.1
139.3
87.33
29.28
133.0
90.13
53.37
73.64
112.1
27.88
21.73
47.45
52.46
136.1
25.34
138.4
194.0
174.1
168.8
27.28
44.86
27.74
24.29
89.22
50.10
24.47
163.7
89.98
32.96
91.89
62.35
48.41
29.66
171.2
20.05
72.03
141.7
174.3
127.6
140.5
26.19
39.51
30.78
24.59
79.69
146.6
81.88
180.9
64.32
192.3
36.57
128.5
70.46
26.89
154.0
183.2
77.34
31.75
23.74
145.5
119.5
51.15
31.19
56.91
23.88
116.5
55.44
31.23
24.91
33.67
71.84
29.60
64.60
64.37
59.87
29.72
104.9
133.7
30.90
26.96
39.24
63.87
62.46
33.81
156.6
94.04
144.7
39.73
37.79
79.87
116.0
38.49
137.9
30.86
110.9
57.84
36.69
35.72
20.90
31.29
158.8
21.49
30.28
103.2
88.68
139.0
166.2
23.70
37.90
114.5
139.2
161.5
93.64
120.2
133.4
36.61
24.87
48.14
143.9
161.6
26.07
66.59
30.83
153.2
39.57
106.8
53.39
72.54
29.04
111.3
83.47
70.32
78.78
64.89
36.09
125.1
137.1
51.86
25.48
26.00
25.59
23.55
49.10
127.8
24.04
55.76
42.76
27.54
111.7
22.38
31.88
26.33
31.14
25.81
34.25
23.68
47.05
33.74
116.8
114.5
31.83
172.7
178.6
124.2
82.22
83.39
31.60
26.92
132.9
226.9
187.5
53.87
32.20
107.2
35.92
31.79
79.39
102.5
102.7
24.38
85.63
150.7
43.50
24.93
158.6
143.8
102.7
128.8
146.3
156.8
149.3
30.09
27.84
24.59
97.07
133.5
26.29
152.9
142.2
141.8
66.58
41.59
28.17
23.48
91.55
28.12
107.4
202.1
30.83
170.7
52.43
48.38
45.24
21.31
85.52
66.44
145.3
48.24
24.75
55.24
24.32
121.1
44.14
80.13
123.4
20.68
70.48
45.55
168.6
34.38
51.52
223.3
25.65
42.22
147.3
128.4
130.9
110.8
41.27
188.3
41.66
36.03
40.95
38.12
22.41
89.79
29.06
53.46
87.22
113.1
21.61
141.6
161.0
134.0
42.61
86.77
189.8
151.7
49.07
88.77
35.09
191.0
48.34
40.80
151.6
165.8
45.78
36.61
147.8
55.59
36.99
130.1
56.77
67.44
63.55
30.36
106.8
61.21
75.57
33.61
132.0
52.69
43.07
91.29
21.16
93.04
128.4
92.31
23.96
93.26
56.33
31.34
82.99
24.11
46.09
47.08
34.11
162.3
30.46
185.8
52.97
28.77
113.3
75.51
98.35
158.0
26.33
76.63
164.2
27.70
30.71
67.18
125.5
211.0
52.04
120.9
100.9
73.70
61.90
26.69
99.55
110.8
38.39
36.97
31.46
153.9
147.4
161.6
141.3
137.8
152.9
95.63
144.7
104.1
161.3
20.43
20.51
143.4
124.8
164.1
54.36
160.3
58.49
105.1
25.97
52.14
103.3
132.0
126.7
34.23
103.2
152.4
28.99
98.85
24.56
62.26
30.02
23.84
29.01
24.33
91.50
111.7
20.82
40.59
25.33
35.13
21.23
20.86
50.03
36.74
136.1
41.51
21.26
50.94
21.49
20.74
51.91
58.77
55.17
61.02
28.16
91.48
23.17
22.24
127.9
159.0
103.9
93.26
21.36
120.6
29.58
25.42
170.0
87.08
20.07
46.40
54.41
195.0
99.94
37.08
76.94
63.52
118.2
68.09
25.07
167.8
148.0
66.46
24.87
29.79
176.2
42.64
163.1
153.0
162.8
22.49
23.83
22.72
112.8
96.08
32.56
175.0
114.1
71.17
127.8
101.4
25.75
35.19
159.6
27.95
76.06
100.8
33.32
74.76
54.46
109.6
30.63
101.8
77.31
77.31
20.95
23.59
111.0
159.3
26.54
124.8
20.08
90.38
71.26
35.06
206.2
30.98
46.94
125.3
25.82
43.28
54.85
138.2
196.2
156.6
117.7
150.8
34.02
130.7
20.05
130.9
60.75
53.22
39.82
169.9
20.91
26.96
105.7
22.54
21.28
37.83
23.30
56.96
166.7
26.95
20.87
55.80
25.95
23.53
71.56
136.2
132.5
30.61
21.02
155.4
40.08
145.6
131.9
33.60
21.18
48.20
45.55
147.6
26.79
26.55
94.33
27.18
145.4
28.41
156.9
21.44
20.07
36.35
93.57
160.6
81.33
194.3
139.1
33.37
137.1
46.71
52.61
187.7
120.3
41.99
155.8
163.3
41.07
129.6
26.00
68.31
200.7
24.80
64.98
52.30
148.6
95.18
86.39
42.50
45.15
84.49
145.8
108.2
20.50
27.69
86.73
109.8
165.6
68.00
197.8
34.12
81.82
48.46
26.31
104.6
87.06
72.19
114.9
72.71
167.8
37.95
34.32
21.93
61.40
52.77
21.95
49.41
89.80
70.29
156.1
20.71
47.71
61.01
116.4
96.96
153.7
33.92
117.4
46.19
49.17
119.5
153.0
23.42
20.69
26.91
47.74
90.25
179.7
45.57
135.5
23.64
42.83
126.6
76.78
164.9
151.2
65.71
113.9
150.7
134.2
155.3
48.02
55.20
60.50
129.6
28.06
21.08
51.75
73.20
42.34
48.42
114.5
44.56
53.74
128.6
171.4
44.46
28.22
153.8
23.27
126.0
97.46
87.76
87.87
20.31
77.99
30.77
33.26
125.3
141.4
40.69
199.9
43.68
61.26
20.68
35.64
53.81
53.68
50.94
144.0
137.5
59.07
51.52
109.8
205.7
34.87
42.81
53.30
61.32
114.1
118.9
115.6
27.96
25.94
102.6
100.3
186.8
34.65
24.93
35.16
48.46
163.7
32.17
51.94
99.03
149.0
55.42
24.41
132.8
24.84
188.5
171.9
36.11
47.69
21.69
49.08
51.41
127.0
57.65
41.39
27.38
26.33
91.19
115.5
58.91
25.48
21.73
154.3
168.7
28.17
114.7
105.9
155.9
139.3
23.27
165.8
36.21
96.69
145.3
119.8
99.25
105.1
22.96
56.97
154.9
93.17
99.91
147.9
20.94
24.15
23.13
22.84
28.85
95.69
32.80
20.82
21.77
91.22
134.8
59.85
69.35
20.58
171.8
147.5
132.2
29.18
152.4
165.4
110.8
26.89
175.0
136.0
28.61
26.52
205.1
176.4
46.12
20.38
141.3
22.93
117.3
60.90
128.6
178.0
25.41
64.19
40.25
198.0
48.22
129.7
104.2
134.2
25.73
28.37
93.18
106.4
160.6
69.63
131.0
30.89
146.7
41.69
190.4
25.42
33.32
29.00
31.87
71.77
67.53
167.3
189.7
136.6
73.13
46.59
139.2
21.61
172.9
81.97
52.38
23.92
144.8
155.6
44.57
22.28
118.0
162.3
162.2
145.4
167.8
43.49
135.3
154.3
147.8
44.97
21.69
46.35
65.66
39.62
101.8
20.22
40.29
177.5
172.6
115.0
156.3
59.62
146.6
39.40
24.08
93.19
140.8
130.6
68.86
149.4
125.9
97.51
120.5
175.8
143.9
25.49
33.61
159.1
37.37
142.4
141.9
105.9
21.05
127.9
109.1
37.62
140.4
68.05
42.33
165.2
124.0
42.33
46.77
47.37
75.66
105.5
26.20
103.3
41.80
48.67
191.3
25.99
43.00
21.60
27.28
153.8
127.2
29.01
141.5
68.96
46.12
184.6
59.65
38.13
148.8
73.63
122.6
31.64
178.6
108.4
21.99
26.26
167.0
71.60
50.03
135.9
40.58
22.41
37.72
78.70
158.0
74.97
111.2
114.7
37.17
152.4
137.5
47.86
126.7
112.3
32.90
141.4
77.29
45.35
23.26
135.6
101.9
34.63
171.2
28.11
153.6
65.83
153.7
40.54
173.8
175.9
158.6
107.8
109.3
72.14
135.2
36.01
146.4
138.5
132.7
29.29
78.95
20.74
20.23
26.61
27.62
117.7
158.1
21.14
61.91
186.1
51.54
20.89
22.87
44.89
31.16
118.5
38.09
153.2
22.52
135.3
34.50
21.48
20.68
70.50
37.17
29.67
20.61
90.76
172.9
140.9
26.99
53.43
27.98
22.02
22.24
182.9
92.36
26.12
40.83
131.1
23.12
36.33
22.17
91.27
78.01
36.02
24.06
191.6
109.1
152.6
27.16
48.88
39.05
103.4
190.6
106.3
34.99
24.06
74.24
64.28
26.14
23.67
27.56
118.3
35.76
172.6
128.6
55.08
93.32
53.29
135.0
54.08
148.4
73.32
200.4
65.48
55.00
48.78
20.11
50.87
54.96
163.9
175.7
28.35
66.25
43.31
33.78
33.02
88.89
119.3
35.46
79.07
25.39
28.29
46.12
36.20
95.01
23.13
33.21
86.27
158.2
39.10
20.75
118.6
26.80
188.1
22.52
47.95
34.48
42.81
57.12
168.9
128.5
52.45
159.2
140.0
174.1
133.7
98.03
126.1
100.4
115.3
55.91
146.9
118.0
173.2
113.1
25.31
31.53
85.90
33.57
134.0
26.61
28.75
40.59
167.9
47.98
67.68
84.49
20.56
172.2
22.06
20.90
32.09
171.2
58.33
25.31
39.21
37.91
20.90
39.73
65.57
99.14
156.9
40.69
21.24
51.67
164.5
52.50
166.0
125.3
116.7
22.53
32.67
66.18
167.1
30.42
110.8
156.0
29.76
29.34
140.7
22.15
20.85
79.53
31.89
125.4
127.1
20.51
73.89
28.93
27.54
123.2
178.8
144.5
47.94
56.46
32.31
162.1
165.3
145.4
122.0
48.06
20.31
139.2
32.92
123.3
26.63
57.04
33.59
86.26
141.7
80.49
135.2
186.8
45.03
212.3
119.5
136.0
128.6
50.87
25.30
24.31
94.98
52.37
100.1
144.0
130.1
21.67
113.4
39.40
23.85
174.0
131.2
40.09
98.05
62.84
161.7
165.5
151.6
27.41
83.44
60.88
84.60
32.90
106.5
98.18
58.52
33.53
205.1
166.1
139.0
40.96
60.02
108.9
146.6
23.60
91.53
130.1
28.00
103.0
32.09
181.1
22.67
23.02
22.86
26.29
79.12
20.59
138.3
149.2
162.9
140.7
77.65
150.6
60.80
132.6
140.0
121.5
172.8
44.94
179.1
122.2
22.78
177.1
20.51
81.15
171.8
129.2
133.9
47.85
28.00
21.30
48.88
189.2
68.05
158.7
139.3
73.15
37.99
32.37
135.0
20.94
137.6
88.62
24.25
76.70
104.9
144.4
49.56
44.34
51.23
22.78
39.53
124.5
142.0
139.2
27.65
51.67
107.2
151.7
25.66
28.35
30.98
130.6
28.24
193.3
178.9
126.7
21.41
121.8
25.43
54.40
201.3
20.07
21.23
113.6
24.56
133.2
70.43
21.36
24.24
39.67
140.8
38.92
21.11
112.9
51.67
170.1
161.2
153.6
30.12
114.3
40.02
177.8
184.2
40.64
137.4
165.4
143.9
165.0
80.33
64.95
44.00
119.8
72.17
23.78
121.3
45.17
110.7
42.86
42.66
54.62
132.9
52.72
20.89
114.2
162.1
125.5
162.0
57.57
22.75
111.9
198.6
52.70
134.6
135.4
32.59
180.0
44.57
21.93
61.91
24.69
61.66
148.2
132.1
156.2
94.52
29.20
88.77
63.12
30.98
39.34
46.43
26.13
89.30
156.3
103.1
20.41
123.6
147.3
135.4
31.63
27.40
41.88
60.78
37.20
99.40
111.1
46.01
133.6
146.4
30.60
78.17
26.57
85.82
87.94
159.1
29.30
46.50
119.8
75.80
102.9
178.9
166.4
117.4
156.1
55.52
36.60
143.1
61.88
33.44
168.1
114.2
146.6
169.0
125.5
26.31
184.9
101.7
177.2
22.28
181.3
34.27
54.85
35.72
21.90
127.0
22.11
79.53
29.22
52.12
70.97
66.86
44.88
94.46
29.09
27.89
40.39
104.6
20.49
59.97
29.24
154.8
148.0
74.32
157.0
39.52
36.36
155.8
52.73
75.48
39.61
22.35
22.72
72.33
41.19
189.3
30.58
49.84
31.82
193.5
33.86
102.4
44.30
57.85
27.84
91.38
51.95
140.7
128.2
53.04
29.79
128.3
129.4
85.33
24.94
175.2
50.03
177.9
96.54
30.98
84.10
28.92
165.7
52.01
78.74
70.78
129.1
37.97
64.44
51.44
30.20
32.27
23.87
46.06
79.45
77.89
107.8
150.4
111.9
52.28
97.66
26.92
29.49
27.04
135.3
40.64
114.7
150.9
119.1
24.40
158.7
52.63
20.54
154.8
38.24
152.2
59.82
53.51
56.61
139.9
112.2
32.83
203.8
153.3
31.43
47.34
129.8
141.8
143.4
147.5
22.08
55.06
41.43
91.74
23.68
125.9
20.27
120.4
28.50
27.65
40.63
153.3
109.9
30.38
57.00
73.97
28.37
142.9
63.02
40.61
165.4
62.46
169.7
165.3
157.4
21.97
54.49
24.87
110.8
24.72
121.4
74.32
24.67
54.66
41.56
30.80
127.5
29.81
157.9
28.06
29.44
35.56
50.85
23.65
157.5
187.3
123.4
156.8
109.5
90.87
150.0
43.87
131.8
146.4
44.70
102.2
120.3
36.05
130.2
38.20
155.7
49.86
148.2
138.9
184.1
41.66
34.94
29.47
21.86
22.03
143.3
147.1
106.9
25.09
47.63
195.6
30.91
31.17
33.34
107.7
52.40
20.09
21.35
119.7
39.05
164.9
60.29
27.13
123.0
119.8
20.52
62.90
32.12
187.8
118.2
182.2
23.40
98.77
84.78
166.6
82.99
170.9
135.9
48.66
188.5
159.6
125.7
145.0
21.04
129.8
20.24
21.62
165.1
42.27
32.01
53.03
156.9
57.24
40.37
160.1
127.0
24.33
112.0
155.0
117.3
134.5
130.8
144.3
38.99
185.2
68.99
22.37
42.65
160.0
35.82
60.76
157.9
25.43
107.7
23.86
31.37
37.84
45.57
94.88
31.19
153.3
145.2
22.25
180.8
93.96
138.9
135.4
182.4
22.52
30.15
136.4
59.32
148.1
25.08
40.91
41.89
105.1
39.15
21.64
26.49
153.9
23.90
38.77
127.2
36.15
44.88
38.25
81.33
59.13
25.12
70.39
147.2
213.3
159.2
70.22
127.1
173.2
102.3
141.1
86.26
157.1
137.2
114.7
154.6
153.0
55.16
93.78
20.34
20.26
102.7
49.59
24.70
165.0
23.54
49.20
139.1
28.86
87.69
108.0
63.58
158.9
20.77
30.75
142.8
27.79
55.91
91.78
168.4
40.95
59.65
117.5
181.5
23.89
114.8
81.97
90.83
28.30
103.1
110.7
42.98
32.74
56.79
77.26
174.8
182.3
65.34
27.31
153.4
40.68
146.7
23.31
192.4
38.29
213.1
199.0
28.57
113.1
126.6
83.57
128.8
121.1
103.7
175.3
180.1
37.66
50.40
35.57
155.2
103.2
66.71
66.66
21.41
36.87
38.33
92.24
213.3
32.20
26.42
122.8
139.8
141.4
123.1
40.68
119.3
25.37
22.24
72.36
23.01
60.75
139.5
23.64
35.75
149.4
26.06
21.21
149.9
71.63
36.91
24.54
62.18
41.24
62.53
66.44
134.7
24.39
110.0
88.89
138.6
28.06
34.60
72.01
154.4
103.4
95.35
23.60
42.16
74.78
20.42
82.92
77.81
28.69
54.67
21.23
29.44
33.40
98.35
50.45
41.63
105.0
182.0
21.90
146.9
156.2
42.81
65.51
37.45
32.87
24.32
26.68
31.49
38.44
30.05
23.27
100.6
35.26
49.89
31.68
122.9
25.86
123.0
24.06
119.5
88.66
103.8
70.53
141.8
28.18
57.52
88.63
21.49
197.2
26.44
42.20
124.8
42.55
34.05
65.28
22.60
172.1
28.51
51.72
116.3
139.7
36.12
21.44
37.04
136.2
123.0
80.93
43.85
127.3
41.64
149.4
104.2
34.30
45.91
22.77
67.27
51.92
45.20
22.95
38.53
24.64
21.43
26.63
133.2
102.8
174.3
43.05
45.61
139.5
24.05
145.3
189.1
64.02
84.26
174.3
21.01
77.06
164.4
45.49
99.91
143.9
175.9
43.97
128.0
50.58
43.36
32.30
27.73
22.71
39.61
34.84
164.0
148.5
202.0
32.61
101.1
30.80
22.93
25.10
24.87
145.2
44.45
143.3
114.0
28.09
135.4
130.9
82.17
57.68
141.4
90.18
151.8
104.4
29.67
29.78
26.60
149.6
20.70
43.92
26.69
37.51
28.81
41.56
179.9
24.25
34.11
41.06
54.30
87.55
35.06
36.84
22.87
40.89
140.7
31.06
96.34
126.1
40.41
68.39
100.8
79.98
144.3
129.6
139.7
73.68
152.7
110.9
120.4
73.68
108.5
170.5
86.58
152.4
45.30
129.8
116.8
35.63
45.56
100.0
64.01
181.8
21.99
37.24
60.71
53.21
35.17
44.28
27.19
78.24
21.22
129.0
33.38
20.96
69.86
106.4
24.58
27.19
28.08
73.42
113.9
36.83
140.4
27.49
197.6
178.7
179.7
56.69
86.28
159.7
131.2
129.4
63.09
103.6
99.93
28.97
100.5
24.52
56.25
27.97
54.25
26.78
28.70
27.28
165.8
26.56
115.7
49.66
51.13
82.14
21.30
107.1
133.6
124.1
108.4
22.38
73.82
54.71
51.85
30.73
35.01
29.16
60.56
118.1
48.15
75.33
92.59
33.79
51.93
165.1
25.99
172.5
145.0
90.41
121.1
55.34
107.4
57.04
118.2
122.4
41.98
30.73
36.92
21.10
44.08
23.15
71.27
108.3
32.59
147.8
53.48
125.4
63.75
75.30
24.79
22.46
45.37
30.25
181.6
160.9
108.0
36.99
20.23
122.7
27.65
108.5
147.7
37.14
111.7
53.79
134.2
21.75
68.88
76.37
182.5
155.5
106.4
76.22
117.7
93.14
21.45
20.77
100.7
29.34
167.7
21.16
154.5
37.82
139.3
60.74
64.78
26.27
114.1
116.2
167.6
23.71
64.64
62.24
23.79
86.89
81.56
76.12
155.4
95.25
22.72
145.7
34.73
146.7
43.77
46.18
27.93
25.94
92.26
55.02
31.26
98.60
27.85
24.88
30.96
153.3
165.0
62.26
40.98
29.27
117.2
80.74
51.29
83.48
30.88
20.25
36.47
24.92
42.21
146.0
149.4
20.38
35.87
34.19
162.7
123.6
25.99
140.9
27.44
101.8
56.43
92.37
37.91
21.19
107.1
115.9
142.0
39.44
142.7
32.05
62.50
93.61
23.61
32.90
29.36
94.04
158.2
41.21
40.47
123.9
78.39
20.12
20.95
25.69
22.17
24.18
23.43
145.2
131.1
47.33
74.13
33.40
109.8
143.5
186.3
145.7
25.36
104.8
65.16
21.76
36.57
129.1
111.7
119.2
71.73
20.59
23.97
96.68
28.71
20.91
129.2
21.61
68.12
115.4
130.5
113.5
44.12
44.09
43.84
140.9
91.43
112.1
146.5
113.9
21.14
123.1
81.40
38.16
21.67
22.46
38.99
33.47
141.2
156.3
34.63
20.47
107.7
30.97
77.72
22.32
109.0
21.24
21.06
132.0
51.58
188.6
145.1
37.11
152.1
131.5
47.17
94.52
44.71
24.20
25.19
71.91
25.30
56.89
127.3
98.88
100.4
27.85
38.39
59.58
132.3
33.16
122.0
31.30
60.50
154.7
119.6
38.69
25.42
22.82
47.11
207.3
23.30
113.0
36.29
22.01
84.23
35.74
108.9
113.2
20.24
114.3
149.8
46.51
22.33
32.75
30.09
145.7
155.0
158.6
77.94
205.8
175.1
133.5
178.9
36.80
21.63
78.08
56.33
22.81
137.5
129.3
177.6
130.5
180.3
128.4
24.28
21.01
22.19
21.56
20.80
20.60
20.28
20.64
81.26
108.7
22.11
20.70
20.23
20.64
21.15
61.26
20.27
70.14
34.25
34.20
74.86
30.38
41.39
114.6
52.22
40.03
106.5
103.6
81.05
39.75
29.50
33.65
25.37
179.3
45.35
110.7
27.45
28.01
51.60
33.25
56.44
20.51
21.42
39.23
57.54
58.51
21.26
47.98
21.82
183.0
72.90
45.12
58.18
48.21
30.31
33.26
24.06
56.69
113.8
28.75
169.9
26.38
83.42
29.58
80.96
125.7
27.26
28.46
20.12
76.23
146.1
27.66
36.40
128.2
164.7
147.5
37.07
20.65
32.62
69.60
124.2
28.53
28.00
33.93
28.07
69.86
35.04
36.25
22.80
161.8
144.4
37.03
90.50
168.4
167.2
22.22
105.3
178.5
27.95
227.5
151.1
34.92
39.83
40.79
44.21
93.75
30.67
26.78
27.53
20.13
20.83
61.77
135.0
23.94
69.83
144.3
28.09
181.3
23.22
47.99
164.8
30.29
45.37
30.21
156.5
36.70
110.7
171.4
49.33
197.8
145.3
36.31
66.06
58.16
132.0
44.70
135.7
204.9
31.40
46.59
122.4
20.27
20.89
24.03
30.94
123.2
30.35
156.4
29.15
92.23
118.2
163.1
57.49
40.46
22.59
37.73
20.11
23.36
28.67
136.8
35.49
81.96
34.28
108.5
36.73
55.12
175.6
62.71
118.0
43.21
124.1
50.10
124.4
49.97
149.3
35.05
57.33
24.22
33.84
191.7
41.36
104.4
103.6
123.2
38.58
201.7
86.33
59.52
210.2
190.9
179.9
25.12
21.62
36.94
21.02
125.5
153.0
32.07
37.99
138.7
50.91
65.60
41.25
188.0
139.5
44.07
29.82
182.0
87.59
43.99
91.19
46.89
141.5
41.46
71.71
36.66
96.40
42.99
65.59
164.5
141.6
115.3
162.9
168.0
20.19
80.93
135.6
46.04
78.59
154.4
158.1
20.38
84.76
22.05
20.55
20.86
26.58
38.17
53.01
146.6
141.7
23.30
20.27
125.6
38.31
20.22
75.96
21.41
158.8
33.76
33.16
185.0
31.36
122.6
108.8
131.5
74.36
37.58
32.05
126.9
98.20
121.9
129.7
35.33
102.4
44.88
32.00
115.4
127.9
95.21
74.33
61.40
38.00
36.70
21.10
38.64
25.42
34.90
148.0
52.45
81.46
183.4
112.1
37.05
52.13
143.4
135.2
33.90
86.91
218.9
44.91
79.81
21.34
25.44
23.18
23.73
119.9
191.6
103.8
129.4
94.52
23.93
75.05
31.11
48.23
128.5
30.94
99.12
42.98
43.21
99.35
141.4
20.24
37.91
195.0
22.60
27.76
20.92
27.28
56.88
21.25
25.55
49.79
195.9
21.52
52.80
44.34
36.67
39.05
170.0
20.40
74.61
31.06
169.4
35.16
191.4
159.5
26.37
85.37
242.4
36.51
32.17
168.3
142.5
24.94
45.33
43.80
38.29
23.81
161.3
178.9
78.86
21.49
122.5
26.22
173.2
41.58
153.0
162.5
76.75
59.89
121.9
27.82
33.64
41.39
89.94
54.29
99.10
103.3
95.85
149.5
137.4
74.92
142.3
58.76
157.9
67.10
72.49
22.89
20.53
109.2
22.60
30.66
117.5
25.85
131.4
22.85
25.28
128.2
29.93
55.85
140.3
34.68
193.1
173.4
155.8
94.07
70.27
20.94
142.0
78.60
23.93
35.90
38.69
48.83
67.15
99.37
29.23
24.79
110.6
172.3
20.47
23.12
43.54
88.44
48.11
105.7
53.08
56.16
56.16
31.31
127.3
70.87
37.37
155.4
41.66
188.7
70.11
20.08
186.1
165.9
33.44
25.15
28.51
23.13
68.58
36.65
153.0
113.5
23.69
29.09
74.30
23.09
122.7
22.32
31.71
167.7
110.5
144.4
29.57
104.2
157.6
70.88
68.09
62.75
73.18
63.30
23.12
56.05
127.4
69.73
51.47
174.6
149.5
180.9
44.68
25.19
20.21
21.68
29.37
63.41
147.3
143.3
28.41
65.48
28.74
153.7
29.71
166.8
172.0
20.12
21.50
42.91
79.20
27.99
194.4
163.3
121.9
24.11
22.61
33.77
54.78
35.52
32.18
114.3
131.0
160.5
35.14
74.24
53.99
109.5
30.43
111.6
48.24
164.0
53.00
45.57
66.58
180.2
40.47
28.04
85.03
54.65
29.64
45.39
156.8
149.3
29.96
22.65
20.15
87.41
23.29
66.16
147.7
53.85
138.3
187.3
22.00
111.7
140.3
99.37
133.8
126.2
110.9
162.8
50.16
47.07
156.4
68.53
160.3
135.2
192.8
29.21
158.6
37.81
180.6
186.6
54.58
51.06
154.5
28.62
135.6
188.3
165.6
150.9
84.66
149.9
111.8
148.5
20.99
93.93
37.17
133.6
95.34
128.0
31.40
39.11
37.53
25.37
45.56
142.7
132.0
108.9
133.1
194.4
80.99
62.77
170.9
42.56
22.07
102.6
119.8
41.33
128.6
31.71
116.6
73.58
95.64
82.87
123.5
104.4
35.98
86.08
122.7
102.7
31.98
139.9
34.82
59.83
91.37
117.0
34.73
197.0
32.49
58.91
144.5
57.18
50.23
93.70
158.1
47.20
34.40
54.71
179.3
139.8
137.0
21.13
143.4
28.09
165.6
59.41
22.53
60.39
159.9
96.22
43.61
47.46
109.7
36.29
157.7
40.12
28.47
24.68
21.97
162.8
102.7
32.27
165.5
129.8
36.85
53.03
122.4
162.4
149.9
146.6
128.0
158.0
155.2
21.60
168.5
109.2
68.79
21.94
23.07
44.22
184.9
27.38
22.86
20.21
29.47
152.6
183.8
22.07
133.1
90.05
148.6
37.58
31.59
42.17
21.19
67.71
138.4
155.3
85.67
106.4
71.86
41.21
33.15
92.20
145.5
151.2
32.77
22.40
134.2
155.8
133.7
66.51
176.2
22.02
40.89
24.30
74.90
125.0
22.91
61.60
55.11
103.3
31.43
72.98
54.64
140.3
195.7
31.88
131.2
74.87
23.43
25.87
126.2
59.95
72.59
21.64
68.18
21.95
21.05
92.51
119.7
101.1
66.61
163.1
34.22
44.55
131.5
153.1
117.9
46.79
110.7
23.62
22.20
44.10
44.45
197.2
24.87
74.50
26.27
34.73
78.35
110.2
52.31
146.5
84.88
31.61
26.18
42.59
111.1
158.6
129.4
48.78
22.36
103.8
22.11
28.45
76.28
40.88
153.3
33.34
32.29
23.41
108.3
29.93
207.3
105.2
155.0
28.84
31.34
48.89
28.27
101.8
47.88
210.0
26.96
30.34
96.81
40.61
27.02
24.38
23.97
22.27
42.89
22.05
49.22
21.86
25.68
21.11
46.00
41.14
140.4
151.9
176.1
148.1
44.88
25.22
92.57
98.18
26.26
40.11
33.55
151.6
39.85
27.00
38.65
40.09
198.8
20.51
112.6
26.05
194.6
141.7
115.4
36.73
56.16
195.3
22.86
26.62
171.1
42.93
20.16
30.55
60.00
91.46
32.99
152.7
42.26
95.45
89.30
161.9
141.2
191.5
37.12
23.76
27.47
29.95
187.7
25.68
20.38
186.4
146.0
33.42
49.93
167.8
66.18
107.2
61.49
140.0
184.0
106.2
20.16
171.6
35.17
74.76
26.14
23.63
21.41
36.16
155.5
175.6
23.91
95.27
140.0
55.59
32.66
57.26
168.3
117.3
123.4
76.17
35.87
32.01
164.9
181.9
42.33
116.5
163.7
147.3
30.25
144.2
137.9
20.43
36.56
36.81
21.02
21.14
22.44
88.51
28.17
24.59
109.7
20.35
107.2
50.48
175.7
125.3
130.7
67.88
23.91
167.2
167.5
168.0
22.63
89.53
110.1
24.65
39.06
131.4
147.2
23.65
24.29
142.0
56.89
44.25
98.70
103.6
42.69
127.6
22.91
20.86
54.96
187.0
134.7
157.0
129.6
34.90
20.67
60.32
213.3
68.79
20.12
32.94
109.3
191.6
36.76
43.40
26.36
138.2
146.9
136.5
169.8
140.1
116.4
142.9
39.73
87.96
28.28
36.97
54.44
161.6
132.6
104.8
142.9
120.5
20.82
20.64
20.13
22.73
27.50
42.81
26.86
147.6
31.34
95.57
139.9
33.49
110.8
42.15
87.61
138.5
54.87
20.92
24.20
154.5
38.16
101.9
56.98
33.08
36.81
21.64
24.91
20.40
140.9
23.89
133.5
31.29
63.77
44.90
146.1
149.3
22.57
59.40
22.81
43.39
109.4
187.6
26.57
154.5
154.7
26.50
81.25
76.24
149.5
21.96
36.80
28.99
29.90
157.2
32.41
115.1
33.31
22.04
24.97
182.1
26.52
36.32
111.5
156.8
37.45
110.1
46.32
33.24
170.5
28.93
52.04
49.30
44.64
50.93
36.67
45.03
82.73
31.58
80.30
32.37
64.07
22.98
185.1
130.9
31.13
71.19
21.34
152.1
140.6
105.5
25.70
97.61
33.33
139.0
152.0
20.13
79.88
119.6
26.69
135.4
30.22
110.2
100.5
48.94
104.4
185.0
31.17
36.43
87.19
130.2
133.5
58.77
49.59
164.9
37.97
20.37
46.95
36.57
50.35
92.43
150.3
38.60
27.19
28.75
60.42
33.15
21.84
21.91
28.01
121.1
31.85
41.28
184.5
181.1
75.20
144.7
124.3
57.76
108.7
22.98
34.49
94.81
157.9
126.3
47.82
177.3
157.9
117.6
28.78
139.6
206.0
136.8
20.85
84.87
108.6
150.0
46.19
117.0
92.90
31.10
40.04
31.37
29.08
40.71
56.95
176.4
125.2
90.53
129.1
110.2
20.35
160.1
93.96
45.44
65.13
147.5
21.14
31.02
177.1
41.21
181.6
81.83
77.80
95.56
131.9
23.16
22.75
62.42
153.9
114.9
33.65
161.3
66.34
40.16
23.42
33.99
36.30
47.70
127.9
153.6
195.5
101.3
97.92
120.7
45.06
27.50
107.0
29.03
27.75
20.80
37.65
50.24
154.9
47.44
215.1
46.54
34.41
37.77
176.4
151.2
160.3
37.99
34.47
20.66
47.72
154.7
111.9
26.13
140.5
128.6
37.15
196.9
84.80
112.7
76.62
23.32
35.51
23.84
23.60
31.59
41.84
51.70
24.34
38.88
51.48
85.13
129.4
132.8
50.18
76.12
136.4
34.20
86.86
113.5
58.80
152.4
153.0
60.57
81.15
61.60
196.2
36.73
100.5
63.24
30.53
36.32
125.6
66.23
23.42
90.63
148.1
24.59
146.6
147.5
62.57
33.53
23.44
21.78
22.34
150.2
162.5
38.94
29.34
182.5
127.8
42.03
108.2
67.64
31.29
108.8
38.97
97.23
105.6
22.59
53.03
46.14
42.03
42.30
70.97
29.14
126.9
24.23
116.5
27.75
155.8
167.3
51.41
37.42
42.62
165.2
42.57
26.58
121.9
59.17
45.08
126.6
126.2
128.4
141.8
22.18
130.0
136.6
21.94
65.13
81.67
21.70
29.90
121.1
107.7
54.65
76.36
23.73
142.8
75.41
39.09
128.9
29.06
131.7
157.3
216.6
23.57
121.7
93.61
84.42
52.07
23.12
41.25
186.1
29.15
91.48
117.0
124.9
65.38
143.6
180.6
28.34
25.18
177.7
20.35
21.82
53.68
111.2
139.0
141.2
21.89
70.99
189.4
53.56
88.79
24.98
20.30
30.05
70.36
120.6
66.07
33.38
55.35
36.86
68.76
101.9
20.20
140.2
28.57
34.80
26.57
117.5
133.8
59.62
41.73
53.12
137.9
179.0
40.14
176.9
45.18
36.71
130.8
162.5
31.19
160.0
35.40
155.1
144.3
46.21
118.8
102.2
24.96
155.0
20.62
84.23
59.58
37.52
33.28
83.33
71.50
26.83
51.69
29.62
153.2
84.73
26.67
79.43
33.83
115.4
170.3
100.3
23.97
84.50
31.62
46.36
67.92
31.88
40.61
51.61
71.01
22.53
22.27
42.39
114.7
117.0
207.4
42.77
24.04
150.0
87.21
56.89
40.42
32.06
135.7
116.2
154.0
45.97
20.21
26.93
35.47
37.99
28.37
23.99
47.02
105.4
140.6
21.96
24.11
176.8
193.9
53.04
100.1
124.8
152.2
124.0
84.51
165.8
34.54
143.0
20.05
34.08
137.1
26.88
161.6
89.74
30.08
50.82
30.84
168.4
30.35
106.2
20.19
116.6
117.2
34.45
43.62
100.6
76.62
31.85
156.8
84.34
22.86
149.4
32.84
34.32
23.55
120.6
107.1
29.03
132.2
168.0
36.99
94.59
197.9
26.47
99.61
20.34
20.48
23.43
175.3
51.84
164.8
81.81
129.9
77.09
37.38
157.9
92.23
45.07
38.61
85.68
58.37
120.7
115.5
24.20
49.27
197.0
32.86
116.7
46.14
112.9
125.4
20.55
23.23
159.9
97.40
73.62
167.0
138.8
27.66
164.2
27.21
119.8
157.9
200.7
22.49
130.8
90.94
23.86
100.6
115.4
21.74
130.2
94.03
151.0
39.07
20.30
139.5
92.86
88.05
22.99
179.5
20.56
166.7
139.3
38.99
145.9
155.6
101.2
49.09
44.32
58.62
121.4
173.5
58.78
139.0
55.73
159.4
21.18
49.99
159.1
178.6
22.74
126.4
193.7
63.54
145.6
182.2
117.3
137.3
24.79
138.8
22.75
33.25
20.52
43.59
26.64
164.7
28.06
49.65
167.8
30.72
194.7
113.3
197.9
77.68
40.66
153.8
134.8
129.9
134.1
71.28
147.5
23.07
195.6
134.7
141.7
92.03
181.3
150.9
20.27
22.96
25.56
84.22
179.6
164.6
33.01
21.52
29.89
67.30
135.4
23.28
97.33
56.95
41.11
34.88
41.15
103.6
100.3
113.6
129.0
42.76
28.62
71.99
28.99
22.26
35.34
57.97
50.10
100.4
39.14
29.69
25.53
172.7
27.24
44.04
146.1
26.92
39.63
20.40
33.42
72.39
146.2
138.0
29.66
139.4
111.7
38.53
20.69
27.47
37.93
82.44
190.2
43.27
36.13
176.1
181.5
46.68
28.43
124.4
71.38
30.29
51.41
179.2
65.38
64.43
26.43
41.49
25.72
20.59
31.30
92.98
121.9
116.7
101.3
138.1
157.0
32.56
50.19
29.60
180.7
153.3
184.6
40.41
24.58
144.4
154.1
22.49
33.69
39.46
147.7
179.4
34.90
170.9
20.47
42.72
162.7
30.34
61.30
24.87
173.5
91.38
192.9
171.3
50.16
36.65
35.79
51.64
20.15
167.2
109.3
181.7
152.0
45.95
148.3
144.4
126.3
117.1
108.1
149.6
20.61
102.1
33.88
155.3
138.0
37.98
183.1
137.2
164.8
22.51
22.46
27.43
164.0
165.5
142.1
66.12
44.33
34.20
52.03
22.99
20.16
35.70
91.66
27.01
69.98
34.15
180.3
38.48
38.87
160.0
51.56
75.79
107.0
91.34
49.89
20.44
32.71
154.2
51.98
77.93
56.93
26.68
37.85
47.87
27.17
159.8
49.70
141.6
134.0
83.18
21.82
102.5
104.2
26.65
46.33
34.24
74.69
21.87
26.83
40.11
70.88
98.61
124.2
42.62
22.35
127.3
159.5
170.1
201.7
33.01
31.43
30.84
30.07
108.7
27.46
61.41
162.8
41.68
25.81
23.21
123.9
37.13
39.93
162.9
43.42
162.4
93.49
47.44
121.5
66.48
26.05
50.09
70.13
25.32
96.65
35.49
59.06
32.85
27.48
39.14
143.4
28.01
27.36
59.69
22.44
27.81
39.78
184.3
159.2
49.15
132.9
20.31
44.80
114.3
48.18
157.7
56.35
65.82
93.88
41.90
35.20
52.72
32.44
134.0
140.8
25.89
27.65
132.7
122.1
30.69
23.80
126.2
22.83
139.4
40.39
197.4
50.55
20.73
67.76
30.44
43.01
25.86
57.00
30.33
39.29
22.52
75.13
25.69
112.0
74.22
31.84
155.6
43.15
23.56
39.88
36.32
132.7
55.55
175.4
119.5
111.1
40.22
33.02
141.4
123.9
81.41
27.92
30.96
96.71
20.64
24.60
20.66
36.77
39.75
128.4
83.33
143.4
151.5
24.35
112.6
166.6
91.82
21.40
168.3
157.6
31.60
169.1
139.8
180.4
50.66
101.5
140.3
35.87
36.50
158.3
51.25
54.36
133.5
30.42
152.0
43.31
24.18
114.5
28.19
52.22
39.32
38.16
101.6
59.70
22.10
95.39
23.98
32.77
156.9
42.71
57.50
168.8
135.7
25.78
180.8
151.1
32.33
21.15
62.17
35.10
69.57
24.53
118.1
97.03
42.25
93.83
45.37
32.82
58.73
24.71
221.8
61.37
64.61
180.0
124.3
26.26
21.09
57.01
28.81
166.9
146.0
37.47
98.14
37.43
61.96
30.71
21.12
161.6
157.3
34.14
47.31
32.13
206.1
28.34
24.60
26.91
180.4
30.82
97.77
31.57
73.60
27.67
24.26
25.20
101.6
78.58
26.55
99.18
118.9
233.5
134.6
170.7
44.68
117.4
144.9
52.61
73.69
42.26
44.47
89.80
135.2
46.98
54.62
164.8
33.71
27.80
77.65
134.4
25.37
95.22
116.7
25.57
41.36
142.3
48.23
135.1
22.99
37.38
155.8
172.1
112.6
90.14
23.09
198.4
142.9
45.46
68.72
96.21
41.05
142.2
119.8
139.8
48.15
28.38
166.4
20.45
35.19
143.5
42.51
51.19
28.66
66.38
141.8
29.63
23.88
21.20
26.14
28.19
56.33
84.38
192.8
182.6
43.42
151.4
115.4
139.3
209.0
176.3
140.7
96.78
78.60
23.25
22.73
67.10
103.7
42.97
35.28
27.53
147.2
172.3
22.79
79.54
31.01
196.1
106.9
49.56
54.96
34.27
48.45
159.7
26.82
99.17
38.93
26.82
169.7
199.7
24.94
20.92
61.45
23.15
141.4
34.25
64.60
22.18
36.28
29.46
75.75
130.9
33.96
34.51
25.47
145.6
121.2
40.59
52.03
21.81
149.1
34.26
23.56
23.05
136.3
23.81
103.4
161.0
34.14
143.6
26.90
48.79
26.42
63.59
182.9
32.61
129.5
45.98
26.38
20.06
21.18
27.68
208.3
27.66
25.66
37.69
49.91
29.39
93.45
27.68
168.1
22.60
123.9
39.49
163.0
181.0
24.20
99.59
187.4
79.33
22.65
20.29
64.33
91.54
37.95
90.78
160.7
63.80
49.68
127.0
22.66
51.77
144.8
24.46
22.88
88.86
95.23
86.08
136.1
93.27
95.58
39.62
35.43
23.70
151.4
87.21
110.7
64.34
20.69
20.82
37.63
177.1
31.61
28.83
82.17
159.0
177.9
112.5
118.0
41.77
40.48
86.54
95.23
28.55
23.90
153.4
95.33
145.2
121.4
88.25
118.7
87.46
49.92
55.92
57.98
36.67
51.77
111.8
116.0
131.8
134.5
62.33
24.00
93.06
169.5
131.4
31.17
164.0
23.47
100.8
151.5
125.3
21.85
140.2
173.4
175.8
73.87
42.55
142.8
38.43
44.22
93.95
27.04
26.07
191.6
175.7
20.80
176.8
29.77
106.3
90.93
34.13
23.94
21.60
171.5
66.69
132.1
109.5
41.72
208.7
115.8
144.1
29.02
174.5
88.88
78.78
158.5
161.7
81.81
21.08
151.9
33.38
21.64
26.85
23.44
54.44
30.34
178.0
24.94
88.48
124.7
70.92
33.11
32.31
33.52
121.2
36.73
25.63
33.48
98.19
199.9
65.06
42.59
65.09
20.46
29.75
53.14
47.15
45.36
104.2
86.53
107.2
22.98
175.2
40.87
65.43
34.38
21.02
38.19
50.17
114.8
164.4
21.30
41.77
159.2
49.66
22.75
45.97
21.12
30.96
160.2
88.49
33.67
160.0
64.56
165.2
158.3
34.51
22.32
36.19
135.3
94.20
97.54
21.38
20.08
20.45
34.73
28.35
111.0
47.09
151.1
23.51
36.70
38.82
144.0
48.45
134.4
66.73
161.6
76.18
188.8
35.51
40.77
162.5
27.82
31.45
21.56
52.12
79.21
101.9
29.90
121.9
143.3
115.1
59.97
49.57
51.97
141.7
82.71
20.82
23.56
26.70
61.77
45.04
132.1
34.61
67.85
25.70
24.69
43.32
34.40
57.60
186.3
100.4
27.74
151.2
158.2
151.7
30.83
23.32
132.0
30.82
31.40
109.8
24.88
158.3
40.11
90.73
27.28
20.05
59.87
198.3
49.62
20.28
109.1
93.45
116.4
161.1
122.9
171.4
107.6
32.90
132.0
25.53
20.08
25.92
147.3
100.7
96.37
24.83
87.17
103.8
47.50
123.7
144.6
26.78
47.71
27.16
192.8
140.4
22.26
24.74
23.87
179.8
180.4
24.38
23.51
121.6
134.2
23.70
60.77
113.8
129.8
48.49
28.90
84.23
127.1
166.2
60.21
171.4
26.33
131.5
179.8
188.1
32.01
27.42
125.5
115.6
191.3
127.0
104.4
136.5
131.6
37.52
130.3
104.9
40.42
43.84
119.1
146.1
51.06
135.0
32.95
142.7
46.42
21.43
144.7
122.0
152.7
65.38
67.71
30.08
139.6
115.0
47.26
23.71
189.7
81.96
121.5
180.7
24.88
33.19
183.5
59.38
69.23
126.8
22.83
123.6
56.31
129.2
52.64
178.9
112.1
163.7
66.64
155.1
35.65
104.2
137.9
105.6
188.3
77.96
133.0
23.43
35.20
121.4
82.56
88.74
71.33
31.88
127.8
34.79
165.0
26.42
101.6
183.3
51.70
25.05
59.56
126.6
176.8
25.54
56.13
26.92
121.1
28.80
58.43
188.8
127.1
34.65
122.2
22.20
23.05
27.75
88.93
83.02
133.9
28.46
165.1
117.3
45.08
159.5
56.74
60.54
118.5
40.44
44.77
116.7
29.50
48.24
34.39
168.0
158.2
85.17
45.16
174.9
87.84
30.19
109.6
105.2
40.31
22.93
32.09
114.3
132.5
207.4
25.93
26.07
183.9
122.6
87.37
62.52
40.26
26.84
117.5
79.10
131.3
163.0
23.64
34.51
122.5
211.7
21.54
22.13
124.7
113.6
132.9
77.56
26.73
27.00
56.35
136.7
186.8
148.6
57.63
132.5
211.4
43.95
169.9
85.35
131.3
167.8
22.65
34.02
95.22
105.8
114.4
118.1
22.59
43.06
115.2
173.9
26.66
20.19
140.0
135.0
65.83
150.7
157.0
100.0
95.38
176.5
71.41
42.11
101.2
123.6
128.5
42.90
139.5
172.1
195.0
84.28
176.3
45.73
181.1
152.7
39.31
151.1
78.48
23.52
117.1
72.15
154.8
166.5
27.01
154.8
20.16
20.49
35.33
160.4
131.8
28.33
147.0
23.39
54.73
147.5
179.4
118.8
132.0
133.1
46.67
35.92
117.9
68.94
24.75
111.6
121.2
71.17
32.32
44.69
59.98
68.01
31.34
113.4
35.34
61.94
32.76
125.5
50.40
126.2
124.5
112.5
21.27
20.64
20.94
32.03
20.93
128.9
91.29
44.69
72.04
72.28
135.1
26.39
141.7
44.02
36.05
130.8
70.09
88.92
21.59
68.42
164.8
140.8
65.91
32.27
42.77
30.91
21.38
35.64
138.6
115.9
194.8
20.18
113.2
170.7
25.46
45.75
164.7
167.8
95.49
30.51
25.46
78.63
46.88
114.5
199.7
47.23
33.36
37.39
110.6
33.26
53.68
119.8
31.94
52.85
141.1
120.2
171.3
30.35
40.35
108.5
61.30
99.03
189.3
168.0
21.57
151.2
38.00
40.35
181.5
63.37
25.23
141.4
79.32
28.42
27.48
37.01
34.07
43.18
163.7
183.0
63.55
208.9
39.16
84.28
104.8
26.17
35.68
25.03
28.78
189.1
40.05
117.6
29.37
20.58
25.72
103.8
92.04
30.34
67.59
20.26
21.08
114.5
20.89
25.54
108.6
32.71
33.97
28.73
30.14
211.3
96.98
52.97
151.7
34.83
76.45
31.62
21.39
62.00
93.24
38.37
114.2
118.1
39.17
38.82
46.68
37.30
40.32
38.55
21.68
70.59
71.88
134.5
182.3
28.37
31.63
34.16
58.33
49.41
20.05
57.88
24.13
145.8
28.85
118.8
142.4
109.9
166.0
37.61
165.3
106.3
101.3
158.0
131.2
138.9
144.8
185.7
45.82
38.27
31.14
124.9
135.1
48.80
22.74
150.8
140.9
80.98
79.90
92.98
21.56
154.1
78.70
167.4
59.62
66.97
27.00
23.64
117.7
22.82
31.61
48.74
154.9
182.9
23.87
162.3
143.7
27.45
151.4
21.42
22.89
49.11
113.1
31.36
163.9
126.7
26.93
31.61
65.93
56.96
26.17
24.79
45.68
137.5
143.8
32.36
28.29
137.0
129.0
145.0
25.96
46.18
150.6
31.03
143.5
129.8
33.60
26.21
146.6
159.8
22.64
64.97
22.19
90.09
30.41
173.0
83.14
51.15
134.2
63.04
22.88
169.5
42.62
41.94
108.2
145.3
122.4
88.05
27.10
38.17
22.93
139.1
116.3
22.15
36.66
26.23
75.17
37.05
123.8
168.3
60.96
163.0
83.51
31.68
145.5
186.3
156.2
145.9
146.2
21.65
130.4
102.5
56.20
20.48
24.16
103.7
149.1
35.94
119.4
80.65
145.6
179.6
171.9
25.99
42.48
142.7
33.91
31.56
41.29
141.5
28.99
101.1
60.00
74.92
177.8
40.68
22.23
68.96
180.3
147.5
124.5
141.0
20.66
104.4
152.3
35.21
102.9
36.92
144.5
121.2
107.2
139.0
126.5
38.62
83.13
52.11
23.23
38.02
134.0
62.18
173.9
42.60
84.51
127.0
74.44
123.6
28.70
173.8
86.32
51.68
138.3
64.02
85.38
22.33
132.2
85.56
70.44
51.95
22.47
128.3
137.6
22.08
23.56
135.9
20.78
92.97
103.8
54.30
58.00
147.6
21.19
85.33
111.1
36.40
79.39
138.2
29.75
172.9
40.83
35.87
38.25
95.25
58.33
42.73
141.1
31.71
30.58
188.9
110.7
23.38
135.5
134.2
42.44
182.7
95.89
41.67
25.51
20.21
20.54
23.20
39.07
148.5
35.11
141.4
40.64
52.80
153.5
166.0
136.2
190.2
178.1
69.87
26.29
26.33
153.9
115.7
124.4
23.54
152.7
158.1
92.44
29.97
22.31
50.21
174.4
39.14
164.4
137.2
62.46
75.22
20.64
54.15
88.06
31.58
179.0
96.72
20.50
116.1
31.33
51.87
157.9
28.91
23.35
40.56
23.55
45.09
47.70
155.2
127.8
75.08
21.39
22.07
30.16
48.43
21.31
64.61
49.86
33.03
187.8
47.72
144.9
21.17
106.3
96.41
68.92
112.1
159.8
40.61
93.71
27.65
67.20
31.05
44.09
30.01
44.59
21.31
22.08
101.2
21.01
93.62
33.15
21.34
69.67
167.4
32.31
37.54
26.68
141.2
31.44
44.62
27.38
101.2
31.99
36.04
27.24
130.1
192.2
157.4
27.49
100.7
37.21
153.2
29.29
29.35
156.5
172.5
143.9
153.3
32.56
147.5
87.77
99.95
27.86
125.4
122.5
85.85
105.5
140.1
39.92
27.87
133.5
86.36
25.69
115.9
21.98
27.45
90.73
49.66
23.85
185.8
25.31
21.84
47.69
170.2
118.6
166.5
32.34
173.8
123.5
33.96
37.21
35.11
131.4
30.53
70.72
181.0
152.3
52.37
72.84
137.9
27.72
139.8
171.6
51.71
163.3
46.89
77.70
138.4
25.99
180.0
22.59
175.8
230.6
105.9
157.3
97.78
41.02
29.13
38.57
30.00
20.71
20.28
86.49
146.1
20.30
54.35
31.05
62.37
27.23
157.9
212.7
20.16
70.43
116.1
20.46
79.21
181.4
66.35
31.03
44.14
23.35
23.48
91.13
155.1
53.44
133.5
70.82
84.33
22.24
22.38
21.41
101.2
33.93
208.3
110.2
22.33
58.34
158.8
164.2
152.1
46.66
72.78
124.3
58.21
114.9
119.1
21.23
47.93
156.9
104.9
26.19
69.59
69.15
123.3
172.7
41.42
44.89
171.0
73.80
25.27
30.55
32.41
35.64
49.23
91.26
51.03
29.72
132.5
27.80
83.45
94.81
30.06
150.2
193.9
68.09
163.6
134.3
208.8
157.9
47.80
184.8
25.80
134.4
142.5
116.8
23.48
104.9
140.1
104.1
46.67
138.9
150.3
34.20
128.5
21.67
26.98
90.01
49.81
113.5
67.92
50.97
38.82
37.53
42.15
46.39
68.91
122.0
20.94
38.60
37.91
173.6
201.1
82.60
42.10
28.47
112.1
169.8
35.01
45.87
164.8
143.4
54.02
78.05
33.18
162.4
53.18
36.00
42.86
97.41
30.24
189.2
75.45
95.56
34.96
153.9
31.64
58.93
122.4
54.96
135.6
32.54
25.60
92.81
167.7
35.85
35.09
151.5
83.64
90.77
22.35
161.1
45.57
32.13
204.1
111.9
53.77
26.28
132.6
62.10
42.95
23.03
128.4
98.90
72.82
200.0
106.9
35.50
71.28
41.12
42.69
26.13
71.73
35.66
91.48
84.28
131.6
47.17
58.81
40.19
149.7
83.74
126.6
28.10
22.24
20.66
21.13
29.49
40.02
21.88
25.16
27.17
165.1
151.9
21.50
147.8
21.96
53.60
113.5
36.02
22.72
135.0
133.8
174.8
137.5
109.1
137.7
115.1
27.49
60.74
36.18
140.5
74.46
131.1
51.45
112.8
24.93
52.69
134.0
54.85
171.2
88.88
82.84
23.27
97.38
158.4
96.33
189.4
152.5
34.00
41.95
96.15
42.85
86.23
34.66
37.26
124.3
22.39
31.80
150.8
21.17
28.61
115.5
23.61
24.32
33.58
47.39
82.05
74.09
44.67
30.49
97.65
27.05
24.47
31.97
155.4
164.3
22.84
164.9
77.74
28.48
52.35
131.4
61.44
208.2
67.56
141.8
145.8
26.60
131.9
41.13
112.3
109.5
116.1
82.83
20.18
83.94
135.1
139.2
23.89
25.49
125.7
26.91
118.7
33.04
27.11
123.3
28.39
24.99
53.70
28.57
152.5
27.86
139.0
159.3
43.95
31.98
164.0
156.1
20.43
149.9
60.37
26.70
180.8
64.32
20.56
108.6
38.00
120.7
129.1
32.27
166.5
134.7
33.68
177.1
126.7
160.7
159.0
42.38
30.17
58.15
88.58
130.2
42.93
20.71
120.3
103.3
57.59
45.81
24.21
100.0
202.4
21.80
22.33
132.4
28.43
74.23
28.13
46.84
151.5
26.12
113.7
127.6
47.43
66.23
40.61
85.60
30.56
21.72
88.67
83.69
94.58
23.39
167.5
132.3
155.4
163.3
176.1
66.24
144.1
177.3
23.30
141.9
47.88
153.3
93.94
35.55
138.7
140.4
163.5
118.5
55.24
87.89
33.04
31.11
136.1
27.35
34.54
140.8
26.05
78.25
34.22
80.78
102.3
116.9
48.20
58.38
42.07
47.42
33.11
60.59
49.13
136.4
54.10
37.47
72.85
24.92
22.45
80.04
51.83
31.14
187.7
39.60
30.54
20.18
24.57
185.9
31.33
105.8
30.82
180.8
36.21
20.07
75.38
124.7
42.86
148.1
116.5
34.78
34.54
177.9
22.96
20.07
102.0
43.12
122.9
122.0
27.83
87.19
22.25
43.01
160.1
133.3
66.41
102.8
71.49
75.64
38.82
26.53
26.47
131.2
31.90
136.0
134.6
179.2
133.0
37.68
65.64
75.65
158.1
21.37
20.42
134.6
23.87
129.6
27.80
103.2
25.11
111.6
22.72
58.69
30.81
28.86
33.12
163.8
148.1
161.8
56.05
132.8
32.67
22.64
86.08
166.5
48.33
23.93
56.13
55.76
46.94
39.61
157.5
41.94
47.08
87.56
95.04
77.38
46.38
32.05
177.2
132.7
172.9
23.22
67.42
46.96
51.31
136.5
86.12
38.25
28.71
34.72
27.12
43.94
62.08
28.71
152.0
46.63
170.7
81.00
77.25
117.3
24.43
41.32
20.66
122.3
40.70
27.56
31.48
61.44
163.1
30.35
41.65
159.8
102.0
41.50
243.8
156.6
34.43
138.2
31.75
32.76
54.65
22.11
167.8
88.14
26.05
21.42
32.28
46.49
49.11
34.70





































































































































































































































































































































































































































































































































































































































































































































































































































































































































































































































































































































































































































































































































































































































































































































































































































































































































































































































































































































































































































































































































































































































































































































































































































































































































































































































































































































































































































































































































































































































































































































































































































































































































































































































































































































































































































































































































