29.35
60.31
84.46
100.0
136.9
99.67
179.6
117.4
120.8
37.77
119.4
25.79
32.48
180.8
42.23
56.72
151.7
49.27
46.01
129.1
182.2
123.5
185.0
135.9
22.00
147.2
158.8
22.60
182.9
20.21
20.93
29.54
34.00
171.1
138.1
136.9
51.96
21.03
103.5
147.0
158.6
140.6
162.7
194.1
21.07
110.1
172.7
124.3
68.41
164.1
31.51
23.60
204.7
30.89
55.49
73.11
27.10
28.24
48.33
83.61
116.4
31.57
134.0
141.3
133.3
192.9
54.29
78.86
123.7
205.5
162.3
185.5
76.03
132.1
166.5
75.33
145.2
165.3
143.0
30.91
20.52
65.12
27.30
154.3
113.2
141.8
41.80
150.5
143.9
114.2
48.76
27.14
132.0
22.55
49.52
128.5
129.7
167.4
20.88
24.58
20.60
22.44
23.50
22.16
22.45
23.77
20.90
20.86
21.71
23.88
112.6
84.07
126.8
24.11
20.18
124.2
22.34
76.69
142.6
122.6
176.1
39.21
142.6
169.1
179.9
22.57
48.14
77.65
20.35
28.67
61.11
117.1
117.1
32.66
184.0
31.78
121.0
26.83
63.37
146.2
49.55
37.26
143.7
25.32
114.8
36.02
140.9
25.54
31.73
164.8
130.8
28.92
137.0
25.01
34.86
63.06
100.5
147.5
41.32
114.3
26.29
21.38
21.24
75.54
40.70
65.89
71.21
137.2
20.21
20.65
131.3
101.9
24.90
40.69
31.49
143.9
163.1
128.8
21.08
136.1
146.1
175.5
33.00
123.2
123.3
39.00
142.4
70.97
101.5
81.98
130.8
45.64
159.4
41.30
132.0
23.19
39.51
30.08
22.24
142.9
32.40
65.67
26.28
140.5
33.37
157.1
36.87
46.41
20.38
26.96
20.92
56.70
202.7
142.3
98.83
153.4
137.1
147.4
37.70
27.37
143.7
20.22
155.4
172.0
47.26
142.5
132.0
132.2
23.73
152.4
60.85
87.93
117.7
176.7
52.55
153.1
76.51
57.25
150.4
133.6
59.04
26.13
20.18
29.23
27.00
43.71
169.6
29.95
106.7
53.43
37.36
177.9
20.05
178.1
116.0
21.63
152.5
184.9
128.2
24.74
157.7
147.5
147.5
24.88
24.25
146.1
145.4
139.7
27.40
147.7
27.81
28.21
24.98
116.8
98.97
21.56
163.1
24.32
75.98
64.47
22.46
102.0
104.4
34.58
24.59
164.2
21.50
55.69
144.1
44.39
20.81
167.8
157.1
32.08
29.93
132.3
22.71
173.6
20.41
46.38
50.81
23.56
103.7
23.45
120.4
30.93
25.23
66.52
72.76
112.6
23.45
23.89
130.4
34.21
67.14
22.22
52.99
158.9
22.68
123.7
115.7
131.0
33.28
97.78
140.2
152.3
112.9
109.9
145.6
61.77
88.84
158.0
24.22
110.9
91.55
26.91
24.98
154.3
156.4
112.9
29.13
147.3
35.35
131.4
29.32
71.68
77.60
44.16
173.1
23.18
133.6
38.35
148.2
64.83
157.5
69.32
20.45
149.5
137.1
131.8
114.2
123.1
22.47
161.7
25.05
25.84
156.3
22.08
132.5
24.08
23.23
32.56
139.9
132.7
29.52
29.58
30.11
112.4
131.5
24.27
95.27
57.37
160.1
28.55
140.9
72.70
155.6
166.8
50.20
94.38
123.8
122.6
118.7
141.4
144.2
123.0
118.0
43.77
72.35
47.19
85.33
32.78
126.5
138.9
100.2
24.47
60.20
42.15
57.06
93.53
135.3
48.30
171.2
34.21
115.3
25.41
75.94
146.6
43.19
187.8
124.5
20.61
54.13
58.02
62.31
31.41
180.4
97.27
100.1
23.28
96.35
144.5
120.4
110.5
78.69
29.94
148.5
176.3
61.10
35.52
190.2
121.5
112.2
89.49
193.8
61.62
32.93
175.6
148.0
162.0
42.10
104.4
170.4
186.9
22.28
119.8
134.3
146.2
176.8
122.7
158.9
20.96
131.1
144.1
51.10
110.9
24.80
21.52
158.0
71.72
120.6
32.66
20.96
163.4
91.40
142.1
36.99
108.2
149.3
214.1
112.9
32.39
128.8
60.84
65.19
20.77
71.15
143.4
34.44
202.1
128.5
20.92
122.1
124.5
70.74
164.2
47.35
76.08
22.43
39.64
168.4
30.21
28.78
25.28
30.11
199.1
36.61
114.7
172.8
29.97
124.1
42.72
47.98
22.48
112.9
29.97
67.63
22.56
45.56
87.11
30.28
33.37
132.1
156.4
131.6
139.3
77.23
53.96
196.2
20.42
21.79
45.46
21.05
25.43
151.6
142.4
83.78
168.5
137.2
40.05
27.88
26.66
39.04
132.5
188.4
110.8
189.3
106.5
29.67
151.5
132.9
42.06
20.27
135.8
123.3
145.9
115.9
30.81
33.80
135.2
163.3
170.1
39.29
127.8
190.7
142.5
136.9
23.77
126.5
174.4
148.9
132.8
127.7
122.9
112.7
23.33
184.1
94.08
115.4
142.4
89.73
49.24
22.47
146.8
121.0
139.4
140.2
23.22
47.72
21.23
23.72
141.2
129.6
54.75
141.7
74.78
50.01
72.49
128.8
141.6
136.9
177.0
69.01
138.3
40.53
45.50
116.4
145.0
28.99
104.0
158.4
126.1
139.7
151.8
181.4
205.6
107.8
92.74
99.98
116.1
121.2
28.78
157.1
150.5
39.39
29.65
129.6
120.5
157.8
39.45
33.92
94.24
74.56
20.40
164.3
133.8
159.9
157.8
24.31
55.38
27.48
105.5
123.3
159.5
157.6
114.5
33.81
154.1
21.74
135.5
52.78
45.35
53.39
33.81
151.8
32.02
108.8
157.8
36.43
86.70
26.06
20.17
151.0
76.66
24.99
69.38
52.99
111.7
143.4
104.3
103.0
136.9
146.9
178.5
114.4
42.27
110.0
131.4
25.60
90.91
85.80
30.20
37.54
159.4
28.20
144.3
111.5
185.8
41.91
181.2
51.03
152.6
143.0
119.1
98.50
190.2
34.95
53.53
20.80
183.3
30.02
52.33
124.7
153.5
174.7
103.7
24.74
28.94
33.98
153.2
31.58
119.4
45.26
44.32
45.16
25.42
134.2
112.6
25.95
162.1
29.74
73.04
32.50
55.51
182.4
188.3
71.19
20.63
20.49
23.19
53.22
135.3
159.0
79.01
63.95
39.76
172.8
94.73
27.46
97.63
130.4
20.80
36.70
36.11
20.21
47.77
51.79
21.88
157.8
115.1
136.3
22.16
67.53
21.38
98.27
121.3
154.6
130.3
25.26
44.62
83.47
98.73
161.8
49.72
164.7
26.75
136.1
132.9
130.6
72.74
51.64
101.0
140.3
61.15
129.5
131.2
159.8
59.92
20.54
119.5
146.2
152.6
133.3
140.0
82.50
136.2
142.4
109.6
35.34
133.1
22.16
78.10
134.3
34.84
163.4
27.75
142.7
176.9
25.42
26.57
24.25
159.9
44.68
129.1
45.69
33.73
207.0
109.5
20.17
82.10
134.2
50.83
68.99
28.28
67.73
103.7
23.69
45.97
23.44
125.6
129.5
183.4
128.1
61.24
155.6
29.69
76.24
146.1
76.99
48.82
210.7
23.27
168.6
78.73
136.7
176.4
180.7
23.30
184.5
26.30
28.06
52.69
36.59
69.27
150.1
213.7
29.15
176.0
90.41
124.0
29.19
55.34
120.2
29.04
96.85
149.3
21.66
118.7
114.8
38.38
28.44
150.5
142.3
73.13
158.7
49.22
70.56
62.71
110.1
28.68
24.93
151.3
34.12
22.97
124.3
202.6
147.4
69.84
120.5
69.37
34.81
32.73
48.54
20.95
28.01
23.54
187.3
33.28
200.5
37.14
182.2
139.9
27.04
158.0
20.61
163.4
137.3
31.11
68.80
173.2
116.2
38.90
114.8
28.44
36.88
157.6
100.5
20.58
22.05
21.45
122.6
138.0
153.9
25.23
194.9
35.48
183.4
135.3
98.82
142.7
186.6
168.3
132.6
177.3
29.95
25.15
21.07
21.29
114.1
174.2
129.3
28.46
121.1
107.9
113.4
39.06
149.6
176.2
152.7
138.3
93.79
21.30
147.1
36.26
174.5
49.62
118.8
60.70
34.07
135.4
139.8
20.47
20.23
41.83
116.5
146.1
122.3
174.2
54.63
153.5
47.95
38.04
227.8
39.64
27.85
133.6
91.55
52.96
131.6
21.02
38.12
80.78
77.25
32.87
170.2
58.49
139.1
141.4
90.77
181.1
94.42
167.3
57.76
44.30
24.59
49.28
150.7
135.6
144.8
36.99
49.97
126.8
161.0
61.13
21.44
58.21
34.18
133.3
121.0
151.5
43.79
153.3
173.2
77.99
54.30
41.99
76.76
121.3
22.55
147.3
140.8
138.2
171.1
20.27
53.24
53.48
32.51
117.7
167.1
74.14
157.5
126.1
162.6
235.5
110.4
145.8
182.3
77.58
61.61
112.1
138.2
32.40
44.65
107.8
26.27
183.1
35.33
109.5
81.91
21.16
36.57
70.20
174.9
26.96
43.46
152.7
141.3
154.8
177.8
22.74
150.2
165.0
85.77
83.08
107.6
154.1
171.3
48.33
45.18
21.43
33.90
20.75
167.1
148.0
158.3
38.63
136.2
83.69
141.4
107.1
60.24
42.85
191.2
89.88
132.4
127.3
102.7
91.19
116.8
124.7
128.3
44.42
193.5
46.92
93.41
27.26
52.18
98.80
30.29
141.1
53.40
28.71
82.85
172.6
51.24
185.1
26.33
27.12
40.15
148.4
151.7
35.02
38.47
32.96
32.86
57.83
22.22
115.3
29.89
30.65
22.53
110.1
131.6
153.7
32.47
23.60
175.1
142.1
161.7
123.4
165.5
133.7
74.14
155.3
152.1
39.29
115.7
156.1
31.20
189.6
165.1
32.64
149.5
150.6
104.1
23.97
132.8
20.98
130.0
101.1
35.01
40.71
115.0
40.87
48.21
21.91
33.79
172.3
41.31
138.2
193.0
32.08
156.5
119.6
92.97
24.23
41.35
121.1
169.6
35.15
148.4
201.6
64.92
22.70
21.08
26.19
135.2
138.8
167.9
50.04
104.2
132.7
130.7
123.4
40.09
63.83
134.0
122.7
154.0
71.58
140.6
148.6
136.8
23.53
183.9
31.03
181.3
152.1
61.31
32.93
103.3
20.94
118.7
79.33
36.56
172.1
199.0
130.8
35.81
169.3
29.78
154.6
67.92
129.6
27.40
121.7
136.9
56.74
61.66
39.31
180.4
136.8
22.83
162.6
29.38
180.1
125.1
110.1
73.08
36.83
144.5
155.4
162.6
182.7
84.21
131.8
22.07
39.79
27.84
115.6
95.17
35.40
20.17
20.33
44.05
24.18
29.92
68.78
117.1
37.66
129.4
158.7
107.7
22.05
118.3
141.6
151.2
117.5
141.9
134.3
23.71
22.45
161.0
166.3
28.23
20.26
21.95
20.51
21.27
21.99
22.79
21.92
22.72
21.61
116.5
172.1
190.4
20.21
24.17
143.2
59.10
31.83
122.6
147.5
119.4
105.8
38.39
22.14
21.02
20.59
53.34
168.9
82.77
146.6
162.6
25.83
124.8
98.86
21.80
101.5
157.3
125.3
45.10
143.7
96.82
23.61
40.13
110.8
26.53
159.3
97.27
20.08
136.1
25.35
32.36
117.2
106.0
42.44
165.5
24.84
92.16
106.2
114.2
26.63
181.0
21.57
28.72
20.40
157.5
35.46
33.06
128.9
139.7
180.9
36.32
48.06
41.05
158.6
122.5
194.5
143.4
43.83
106.0
126.7
42.03
40.76
154.1
117.3
137.0
146.2
65.62
130.4
24.06
129.0
21.88
115.8
167.3
123.4
151.1
67.79
107.1
23.41
97.05
60.68
205.2
108.2
70.77
33.93
91.50
26.32
147.2
191.8
175.1
21.46
146.1
37.94
106.4
98.51
45.62
130.8
105.1
125.1
56.15
171.7
149.3
69.36
74.06
146.9
146.8
87.13
123.4
21.30
26.28
137.4
115.2
64.76
22.41
148.2
46.76
118.8
199.8
93.64
146.6
200.3
20.24
22.24
34.92
113.6
42.52
22.26
35.64
50.03
169.3
75.82
35.88
172.6
101.7
153.4
132.8
117.7
153.2
181.1
46.06
70.53
38.86
44.39
136.8
141.7
33.43
23.45
31.81
129.8
149.7
31.86
23.35
161.2
202.9
228.5
21.84
20.46
183.9
148.4
56.00
123.4
21.50
23.19
167.3
146.5
64.87
168.8
145.3
143.4
59.95
59.74
119.3
38.49
130.5
151.3
154.4
20.18
21.30
20.32
20.86
20.12
23.48
146.1
21.76
71.95
83.30
167.1
115.5
152.5
50.36
152.5
124.4
45.41
100.1
33.99
148.0
130.7
129.1
119.3
55.51
178.1
28.83
28.94
181.2
97.45
24.68
20.94
21.45
123.3
21.49
26.35
125.7
149.4
33.57
21.06
20.09
144.7
125.0
151.3
148.1
27.80
28.12
27.07
62.89
34.03
116.9
154.5
51.30
29.23
122.4
103.5
22.87
22.41
20.28
34.16
37.30
85.06
120.6
118.4
182.5
106.2
112.3
42.25
186.9
163.2
163.3
31.61
119.5
158.9
89.51
120.1
33.61
168.4
29.09
48.87
42.78
38.53
114.0
106.6
42.78
160.6
21.95
118.9
136.4
121.3
173.1
80.63
138.7
144.4
130.4
149.1
64.98
20.25
33.85
48.25
154.8
123.9
114.6
196.2
47.61
127.9
183.9
54.18
33.75
156.5
33.30
29.46
32.27
41.94
32.74
22.18
20.34
62.98
141.7
94.29
39.60
123.2
60.79
133.9
58.09
92.44
35.89
66.61
175.8
34.83
32.54
50.48
22.28
129.4
40.67
45.23
157.5
177.8
105.3
30.88
42.97
86.09
25.36
130.5
80.52
33.03
22.31
115.0
33.37
27.23
28.12
21.67
26.48
50.46
34.92
34.70
28.29
39.78
129.6
175.5
28.24
40.33
38.76
23.66
26.33
22.65
73.47
71.47
119.0
141.6
32.02
132.4
90.18
130.7
21.75
123.4
135.7
28.50
78.29
48.06
147.5
38.06
49.24
182.4
24.75
94.87
27.70
142.9
157.1
158.8
135.5
20.61
147.2
184.7
94.84
124.3
33.39
173.7
21.29
185.9
69.67
23.87
107.5
125.7
22.96
25.51
134.5
163.1
32.44
162.1
23.62
158.5
28.62
143.5
34.67
153.8
153.0
156.4
20.17
36.39
86.10
58.83
28.51
41.75
32.60
148.3
80.31
40.60
191.7
32.32
162.7
103.2
120.1
138.3
136.2
139.3
23.29
64.05
128.2
59.22
29.22
39.85
123.4
37.92
120.0
218.9
125.2
28.49
21.67
29.58
95.73
160.5
30.33
139.9
126.1
155.7
22.66
59.20
38.10
108.3
72.72
61.63
107.1
154.3
157.2
28.51
164.5
112.0
154.9
63.86
144.7
91.79
81.51
146.9
42.85
50.32
46.68
100.2
81.86
81.16
59.59
162.8
171.1
104.5
135.9
140.7
203.0
20.76
179.8
118.6
106.7
71.60
159.4
20.16
162.6
127.2
112.9
30.66
27.75
134.9
59.44
144.0
134.0
35.30
53.52
145.2
127.2
59.13
149.8
43.03
43.70
134.3
69.67
33.97
140.5
115.2
121.9
111.1
141.0
106.8
57.73
124.1
127.6
133.5
53.85
98.79
165.1
54.15
20.82
22.98
161.0
60.25
28.29
126.3
186.3
81.96
172.0
168.7
116.0
181.2
165.9
113.1
165.9
33.13
43.71
120.6
157.3
116.6
27.71
148.0
23.44
157.8
146.0
185.0
31.26
47.36
24.72
177.3
40.23
165.9
29.45
24.10
141.5
178.5
133.6
124.1
92.33
140.9
163.6
61.76
20.71
130.2
88.51
109.3
127.0
21.45
141.2
214.0
91.29
68.23
123.6
30.33
23.28
160.9
140.3
140.2
167.6
113.8
26.72
173.9
77.83
124.2
31.58
25.74
125.5
187.3
140.1
156.8
81.79
161.4
176.3
143.2
37.23
68.64
160.8
31.41
97.01
139.1
124.7
36.68
81.38
182.7
113.1
46.49
159.4
31.96
84.65
137.6
192.2
185.3
77.03
49.80
144.3
115.1
44.03
153.4
21.31
29.55
134.1
70.77
147.9
26.58
83.67
151.3
119.3
20.76
22.96
20.69
145.6
171.4
131.5
184.0
177.8
106.4
164.1
40.44
70.44
117.2
82.21
63.95
139.8
45.83
103.9
166.9
42.52
191.6
84.16
67.67
142.4
28.39
36.76
42.69
23.09
72.58
21.92
37.20
31.90
112.6
143.0
24.85
65.78
73.02
115.5
40.44
144.9
146.9
188.2
32.50
155.4
37.13
25.11
153.6
77.72
39.88
89.43
115.9
21.79
56.43
20.56
20.74
146.1
145.9
132.8
135.6
135.8
159.3
161.4
113.3
174.9
37.52
173.6
138.8
29.40
175.6
58.79
28.41
106.9
29.82
101.9
138.5
25.91
20.04
29.10
174.6
89.70
150.1
28.20
48.82
161.9
79.76
129.1
33.50
42.65
31.10
21.14
126.5
34.49
81.76
93.03
25.66
176.8
79.43
73.66
148.8
172.2
35.48
174.8
136.1
32.64
148.4
81.35
31.59
136.0
27.14
119.9
32.10
80.62
75.74
20.45
111.6
27.89
46.41
139.8
55.80
153.2
132.0
23.47
148.9
142.3
76.32
134.0
29.52
48.18
135.6
129.2
106.5
125.0
68.25
40.74
130.8
159.0
51.93
159.4
92.67
117.1
190.7
125.3
24.66
37.08
127.8
79.14
37.92
48.20
23.32
105.3
183.2
46.23
22.27
182.3
133.1
181.6
24.91
31.69
50.22
145.9
76.37
146.2
66.46
53.39
20.94
155.7
44.36
128.4
188.2
78.71
44.73
36.01
114.4
141.5
201.0
127.9
28.67
32.97
138.6
111.1
98.23
64.68
115.1
25.06
144.7
37.19
88.77
103.9
153.0
141.2
154.2
150.5
179.1
201.6
101.5
32.61
113.3
25.65
137.5
118.2
148.6
119.3
23.71
140.9
166.5
30.12
51.35
140.8
141.0
24.28
114.5
54.39
137.4
123.0
95.97
36.76
139.9
27.53
51.69
164.0
132.0
25.88
132.8
96.80
131.7
93.20
42.42
147.2
142.1
161.7
155.5
24.70
23.52
21.69
69.70
133.7
31.62
98.33
127.9
49.90
131.6
160.8
31.02
137.8
153.6
107.8
108.9
23.68
112.3
32.43
110.6
96.06
53.39
158.4
93.08
100.8
131.5
31.24
134.2
133.3
173.0
31.02
20.86
20.38
20.31
98.57
185.5
171.1
144.8
117.7
110.7
193.0
178.1
117.1
45.83
141.3
153.5
68.21
183.6
29.31
35.24
22.27
108.4
146.9
140.1
152.8
85.47
166.2
29.73
140.6
135.4
41.96
35.88
114.3
50.41
26.60
54.62
135.8
143.6
160.5
45.07
128.5
148.9
186.8
168.3
67.40
180.3
64.65
20.42
47.12
82.62
62.38
124.7
201.7
116.5
31.88
32.40
93.67
133.4
143.3
103.8
91.09
31.38
143.2
21.02
56.30
161.5
22.95
153.0
141.2
92.46
31.07
36.32
154.4
122.9
20.72
171.2
20.08
170.5
140.6
198.5
37.23
172.0
84.17
145.5
82.91
126.8
73.27
112.1
47.32
27.85
161.9
99.23
100.8
30.70
167.3
176.6
161.5
142.1
52.43
98.42
124.6
189.0
150.2
20.63
201.6
160.6
141.9
53.53
22.37
20.82
120.5
110.1
146.2
132.8
53.77
149.7
164.7
39.49
20.65
49.41
74.36
80.36
168.2
152.2
154.5
23.75
108.0
83.55
147.4
48.38
33.14
119.6
170.0
69.71
129.3
64.56
28.93
62.25
124.7
123.3
85.33
134.4
55.89
42.40
42.11
104.9
157.8
150.0
24.60
111.0
103.7
106.3
90.75
22.01
143.6
122.3
218.4
138.9
126.5
183.0
27.22
42.35
92.84
73.02
181.2
154.8
103.9
154.6
123.2
21.28
200.4
120.6
20.31
27.31
85.51
180.3
165.2
119.2
199.2
37.11
63.75
121.4
39.77
21.69
20.10
27.90
139.1
151.0
69.82
112.2
37.77
136.3
20.93
95.39
22.72
148.5
23.06
129.6
109.8
28.41
185.5
158.5
45.00
192.5
58.06
27.24
103.5
23.78
22.44
160.9
36.70
36.60
156.1
29.04
109.4
88.59
170.4
129.4
154.1
41.01
59.12
129.3
107.4
169.9
159.9
179.9
96.92
57.34
89.86
194.2
180.3
130.0
93.15
173.2
128.0
154.1
64.56
47.04
81.48
42.42
172.0
177.9
77.67
169.8
106.0
102.4
153.7
115.5
122.9
149.0
144.3
24.70
149.9
32.45
145.8
43.31
123.7
26.47
145.6
35.09
80.33
23.67
34.77
155.4
148.9
197.8
142.6
127.6
41.48
116.4
121.9
170.7
175.7
171.9
25.68
35.00
143.2
71.07
174.2
134.4
84.83
20.83
22.69
171.5
162.4
118.9
146.4
86.58
152.2
113.7
38.02
138.0
57.06
92.97
92.26
129.3
92.55
116.0
119.2
164.7
25.01
137.5
104.5
146.3
147.1
148.1
37.65
184.0
150.1
137.7
69.51
175.2
21.30
136.3
25.57
113.0
176.6
86.59
32.13
143.2
33.67
127.7
91.19
204.4
192.4
32.94
34.69
122.8
148.2
156.9
25.63
177.0
132.6
35.97
123.0
124.7
147.0
147.1
80.58
59.72
151.3
120.5
152.8
123.3
33.70
31.80
165.9
123.4
111.6
155.1
84.47
109.6
20.25
24.99
170.7
30.76
23.29
107.7
39.60
21.73
48.13
153.4
95.33
21.09
133.7
117.5
43.45
115.9
36.50
108.2
172.6
138.1
24.94
184.4
21.79
25.22
29.83
33.57
58.87
118.2
42.46
125.7
40.36
105.1
84.97
85.12
122.4
25.83
29.40
29.38
31.97
148.6
108.5
83.50
188.8
137.1
25.09
138.0
153.7
36.61
20.66
147.9
107.0
166.2
134.9
58.60
89.32
132.9
141.4
182.3
38.08
39.09
129.5
24.29
68.80
108.8
28.33
112.0
23.59
69.63
29.60
63.61
24.00
236.6
74.83
41.34
42.93
27.13
39.99
21.61
164.7
122.2
24.34
191.0
25.24
27.93
95.15
121.2
177.1
100.7
151.8
164.2
24.46
118.9
72.47
145.8
88.88
132.4
27.28
29.30
131.4
32.72
140.1
151.0
141.1
109.5
54.97
136.9
53.86
114.9
64.23
31.21
118.2
168.2
131.6
113.1
22.37
50.62
158.1
116.7
21.26
27.94
70.80
123.4
118.5
117.7
128.7
149.9
44.61
21.83
145.7
35.78
23.09
57.83
109.9
169.9
124.1
107.9
198.0
163.4
29.13
126.6
130.6
196.7
100.5
70.30
178.4
135.3
115.7
172.5
21.01
20.10
73.94
198.6
89.16
35.40
118.8
220.6
151.8
34.49
24.77
157.0
66.92
87.08
43.03
109.9
28.57
57.14
120.6
160.3
171.2
90.34
164.6
176.6
133.0
114.0
66.02
145.2
36.44
44.25
29.80
154.0
175.3
146.4
188.8
30.94
164.2
122.8
25.40
148.4
79.32
107.8
27.41
171.9
165.1
42.87
34.78
42.93
142.3
25.60
73.95
42.47
154.0
23.21
96.39
20.41
139.2
152.4
131.4
149.1
21.85
22.70
199.4
31.99
57.91
133.2
118.3
117.9
24.65
27.52
193.2
129.2
115.8
67.68
127.6
156.8
22.98
46.33
40.19
136.3
84.76
151.7
135.5
33.90
77.90
147.3
163.2
123.9
135.0
128.5
152.4
171.7
166.9
34.43
46.09
176.0
123.5
156.4
187.1
34.00
135.0
184.1
145.4
136.1
155.0
48.60
20.10
26.98
191.4
20.33
141.4
35.07
111.8
25.07
73.86
126.7
51.49
54.80
49.92
105.4
24.94
121.0
111.1
144.9
111.2
56.32
141.3
144.6
178.1
127.1
90.20
138.6
177.3
44.46
33.63
144.9
36.82
169.9
99.51
20.30
151.3
131.1
151.6
55.65
178.2
25.67
132.4
104.9
44.38
52.98
155.3
34.44
102.2
71.97
30.87
123.0
136.6
20.43
46.57
111.2
123.5
72.94
123.2
74.71
25.54
114.6
128.8
151.9
85.16
152.9
51.00
156.2
37.78
21.88
134.2
138.6
121.7
40.14
21.88
97.79
84.22
166.0
130.2
125.7
35.54
59.16
41.11
46.21
136.4
190.2
21.94
21.79
114.1
42.96
69.51
141.3
144.3
122.5
140.4
174.7
30.06
179.6
23.46
20.94
29.49
70.25
144.2
46.19
53.73
64.64
98.41
26.99
148.8
151.8
212.6
21.72
165.0
180.0
29.11
94.06
133.4
164.6
108.7
30.70
28.09
128.5
39.92
155.2
190.4
192.1
165.9
37.09
41.40
126.4
29.97
114.8
134.6
22.55
20.70
23.03
119.0
32.77
65.32
179.0
40.17
149.6
163.0
146.6
67.70
73.59
37.04
175.0
83.52
161.4
131.0
27.02
142.8
114.3
66.82
172.5
156.8
53.74
156.7
131.9
93.27
51.75
141.3
38.37
91.02
121.1
100.9
132.1
22.96
84.83
157.8
135.8
27.79
171.3
110.3
156.1
129.8
156.6
32.59
128.0
149.5
29.14
152.8
122.8
22.54
127.5
21.53
192.8
100.5
184.7
152.6
61.01
173.6
30.25
78.68
33.11
124.1
123.9
156.3
43.63
138.7
25.76
65.07
136.9
151.5
127.9
20.77
143.7
54.92
23.67
146.0
54.12
24.39
48.14
105.1
117.1
119.8
94.24
32.32
150.1
139.5
35.38
139.0
40.30
129.3
126.4
107.0
183.6
104.2
110.0
86.62
83.90
168.9
30.85
128.0
63.97
21.83
20.62
187.6
166.2
75.03
41.33
139.7
68.90
173.7
134.0
101.9
91.04
20.83
142.3
126.7
162.6
73.00
138.4
23.12
88.49
24.44
168.6
95.16
158.9
119.7
60.14
191.5
40.32
137.9
105.1
158.2
176.1
100.1
131.1
172.1
21.86
21.94
147.1
52.58
20.44
68.02
34.14
123.6
142.1
184.6
23.26
26.37
26.95
145.8
27.58
152.2
171.3
138.4
70.31
140.0
22.35
134.8
70.10
122.3
82.70
20.58
166.1
188.5
36.05
163.8
176.9
20.16
86.21
33.06
140.2
38.42
43.90
49.40
44.28
90.10
31.43
107.3
155.9
111.5
33.74
130.2
145.6
24.46
78.23
159.7
177.0
26.79
52.21
27.79
133.1
141.7
126.8
128.0
109.5
44.91
91.74
20.07
21.66
197.0
39.86
22.68
24.69
136.1
150.4
229.4
206.4
133.4
146.6
191.4
156.7
158.8
21.85
142.8
212.4
59.55
167.3
134.4
120.2
126.0
166.4
55.57
126.1
169.8
123.6
109.9
30.75
173.6
95.25
26.52
176.0
91.57
133.3
161.6
71.75
162.8
32.55
37.75
37.04
103.0
78.73
179.5
173.2
26.41
138.3
170.3
47.65
139.2
20.05
59.98
210.8
102.2
120.4
132.0
20.13
69.96
130.0
63.02
159.7
39.74
96.83
172.6
158.7
45.75
43.45
63.96
20.81
38.80
28.99
20.53
116.4
51.91
87.98
139.9
147.4
185.7
137.3
43.86
106.3
142.8
128.3
148.4
60.38
71.36
24.66
131.4
159.8
146.6
194.0
161.0
92.47
64.49
25.11
131.6
197.1
26.11
21.24
202.6
59.20
185.6
62.86
147.9
138.7
172.9
23.32
89.72
137.8
34.74
20.60
97.70
30.91
100.7
48.98
110.2
82.28
58.89
149.8
26.04
123.6
28.03
58.69
84.75
25.45
152.3
53.71
112.5
120.4
97.18
181.8
49.14
135.2
43.35
25.37
115.5
140.0
190.6
117.1
161.8
98.56
161.0
142.4
175.9
134.2
52.71
50.85
103.6
165.9
136.6
21.27
153.9
145.1
134.7
190.9
59.25
26.79
128.7
141.4
64.77
66.38
141.7
30.60
141.9
33.51
137.7
25.57
80.77
26.78
64.80
189.1
136.1
149.6
179.3
143.7
41.89
135.3
117.3
95.51
29.51
43.83
127.9
96.71
127.2
146.7
159.1
138.5
26.93
146.8
141.7
23.56
21.63
114.3
36.04
198.2
135.7
31.54
136.6
112.6
146.3
26.62
172.3
25.10
25.72
143.1
45.97
22.50
109.4
139.4
117.1
107.4
36.61
109.9
31.44
164.0
102.1
101.2
32.68
80.14
76.00
57.22
151.6
134.0
51.50
130.1
131.7
156.1
151.7
125.1
120.1
38.13
30.21
154.7
111.3
133.1
44.22
96.59
111.6
134.4
25.88
193.5
113.8
20.18
113.1
21.36
35.56
48.36
162.9
37.15
29.09
182.6
134.2
178.0
153.1
163.2
77.05
20.92
138.8
130.3
126.9
175.2
96.59
140.0
129.0
46.62
179.0
34.18
73.10
139.4
23.00
64.94
107.3
153.0
98.13
32.79
144.1
32.15
156.9
155.3
126.1
83.09
36.20
49.83
81.47
145.0
28.08
138.2
33.18
107.2
51.69
34.21
160.8
159.1
115.2
86.90
168.3
84.70
77.52
25.91
111.4
139.9
67.92
25.80
123.0
115.7
130.6
118.6
134.6
59.18
119.9
82.20
194.2
21.28
43.45
72.00
26.45
186.3
92.32
22.77
23.07
186.0
95.86
48.02
54.58
141.6
136.5
55.08
38.01
142.6
44.90
114.7
67.84
29.55
57.50
85.23
179.6
111.0
156.5
148.4
147.7
59.31
169.5
20.89
158.7
199.4
155.9
132.5
218.8
176.8
173.4
85.93
25.46
183.8
164.1
30.61
33.55
173.0
151.1
75.93
38.26
29.03
141.6
133.3
24.04
23.10
166.6
107.2
147.9
164.4
40.26
193.1
26.17
159.1
20.71
124.2
174.7
143.9
138.0
105.8
31.51
22.52
129.2
142.9
96.19
136.6
23.01
119.6
160.1
122.6
176.0
30.30
123.7
23.42
119.7
37.12
195.4
72.63
63.65
91.29
37.89
168.7
133.7
99.95
22.69
94.08
161.3
179.4
108.4
181.0
27.90
173.0
144.5
102.4
20.24
175.6
22.71
130.2
134.7
141.5
125.3
140.6
43.88
172.9
129.8
58.50
184.9
101.2
141.1
26.10
32.97
106.2
160.6
29.16
161.3
88.49
162.1
175.9
24.33
136.0
167.0
91.60
21.57
20.52
20.82
141.1
77.28
36.43
40.59
134.6
25.91
44.13
124.0
146.2
111.5
169.6
38.26
180.3
134.8
154.8
148.9
94.37
132.8
20.61
163.7
52.56
194.9
211.8
145.1
125.9
168.2
22.04
126.1
183.0
193.9
30.68
57.22
131.2
28.52
54.95
23.87
21.99
183.6
168.1
174.4
151.8
24.38
132.6
173.4
52.95
153.5
176.6
186.4
28.67
205.7
142.7
156.2
36.03
64.50
27.78
22.66
127.8
68.26
58.90
27.71
25.64
144.0
41.90
23.62
181.3
152.1
21.30
22.55
29.97
125.3
93.36
173.5
40.81
149.6
147.5
177.0
130.4
173.3
54.30
118.6
155.3
23.90
220.5
36.19
126.0
203.8
52.13
20.42
109.3
145.8
57.88
49.51
153.0
184.8
174.4
36.05
108.6
126.4
182.1
152.3
21.01
23.25
194.3
22.78
20.77
118.4
82.13
175.1
23.53
21.97
131.0
20.85
143.2
24.94
132.1
120.4
62.38
138.7
145.2
121.8
112.4
82.01
27.68
86.62
109.2
25.35
167.6
56.23
139.7
147.8
34.47
144.1
164.4
117.7
64.80
22.46
83.76
116.9
45.21
82.42
22.54
28.56
175.5
47.58
198.5
78.43
76.75
97.87
140.2
208.2
177.0
152.0
107.1
177.9
181.6
28.93
147.4
116.8
129.1
129.7
120.3
26.67
114.3
55.21
181.4
22.94
143.6
138.4
56.85
179.3
202.7
129.4
25.07
74.10
35.56
138.9
26.64
96.93
24.91
156.2
81.14
31.33
111.7
135.7
58.34
68.53
22.10
74.45
98.01
203.2
59.03
134.3
128.3
136.5
148.6
185.9
170.3
21.00
132.7
177.3
50.70
145.3
137.1
162.5
24.93
24.54
173.0
131.9
134.4
30.65
130.9
169.6
110.3
173.1
129.1
77.16
76.41
24.11
102.6
38.79
154.6
134.5
155.2
142.8
41.46
73.96
124.5
79.53
131.0
110.6
73.77
22.04
38.77
27.26
154.8
67.32
21.53
63.47
57.61
156.6
101.7
129.3
21.62
174.0
134.9
94.08
64.17
153.8
80.22
128.4
196.6
96.98
130.1
23.39
109.6
165.3
34.72
159.4
132.6
161.2
30.18
84.03
93.17
149.0
115.6
65.07
148.4
144.2
26.85
148.1
179.0
32.82
166.4
20.75
88.89
106.7
20.71
24.83
188.0
117.4
144.0
127.9
135.3
24.41
20.60
156.9
122.9
128.6
143.3
109.5
139.0
132.8
169.9
122.3
41.63
78.02
156.8
168.1
115.3
34.18
111.1
186.7
163.9
213.3
21.46
22.52
108.3
65.93
108.7
30.45
31.02
29.04
206.1
194.1
86.75
155.1
22.70
40.44
21.60
142.8
159.9
40.04
24.60
170.7
20.16
129.7
27.56
23.57
126.9
111.7
24.97
159.3
144.1
119.6
79.12
101.3
157.8
100.1
38.96
177.7
33.07
21.93
118.9
76.02
21.45
56.03
142.1
128.8
206.7
185.2
35.76
118.7
32.05
22.02
55.88
176.8
21.10
20.65
86.00
22.64
109.5
145.1
114.2
166.0
21.80
42.85
131.1
69.26
72.64
21.81
54.89
88.16
47.67
149.9
24.19
43.36
143.2
128.4
91.97
137.4
150.8
131.5
130.0
46.34
46.63
157.3
31.93
86.32
22.46
25.52
48.42
21.22
20.09
146.9
28.95
180.4
27.07
116.6
149.9
22.61
138.6
152.7
41.74
58.10
32.93
25.65
137.0
130.2
117.5
146.0
157.4
25.55
131.5
166.6
41.11
116.1
126.7
134.1
208.5
130.7
131.8
24.70
106.7
148.0
141.4
165.6
134.2
143.2
127.0
165.4
131.2
169.3
120.1
55.40
111.7
121.1
167.1
149.2
36.82
141.8
66.83
25.92
103.6
89.46
166.0
153.5
87.58
169.3
143.8
148.6
135.9
90.01
171.2
93.64
74.11
120.6
128.0
170.4
142.8
20.80
163.4
32.60
170.5
132.9
33.23
158.7
21.58
21.16
23.21
69.16
104.2
141.4
148.0
103.1
77.23
140.9
29.87
26.57
134.3
115.3
110.2
36.94
173.9
126.8
26.89
79.66
164.8
96.35
48.51
115.3
89.96
127.8
68.28
158.7
217.8
199.6
142.0
104.4
34.25
157.4
167.6
90.22
61.95
29.18
134.8
197.3
65.65
111.5
91.65
29.62
152.9
152.4
121.6
149.9
70.77
122.3
132.1
33.64
33.49
148.7
77.25
146.8
137.3
61.49
147.5
109.8
189.4
57.94
20.09
154.9
22.17
146.4
157.9
91.53
25.71
120.3
149.6
128.6
53.30
57.93
38.05
26.34
184.1
164.1
136.9
61.87
104.6
21.54
44.06
153.4
67.48
144.2
144.5
153.3
147.6
106.5
141.7
146.2
164.1
117.0
153.8
139.5
31.81
133.5
105.0
86.07
122.0
24.36
113.9
31.02
89.35
34.78
126.0
77.92
138.6
123.2
107.9
213.7
39.05
119.3
110.3
189.9
128.5
199.2
120.1
121.7
125.9
24.07
39.66
23.17
155.2
154.4
126.7
146.9
158.1
20.85
151.9
36.45
33.53
66.66
146.8
44.55
24.96
25.18
30.10
39.13
157.2
133.9
107.0
142.9
96.73
44.02
25.56
125.1
152.6
124.8
128.0
157.2
127.9
33.55
154.8
155.7
123.1
60.08
121.3
139.4
20.52
21.14
61.56
145.8
154.3
21.60
27.03
27.77
23.30
158.9
162.1
26.94
103.3
79.37
30.95
58.27
98.85
235.3
103.9
32.04
163.5
84.00
141.8
31.09
134.4
20.36
24.75
169.4
47.53
65.72
107.6
99.56
80.65
159.6
126.2
165.9
162.2
45.50
24.93
25.90
166.1
129.9
100.5
192.7
174.9
32.95
163.7
105.3
24.12
44.41
23.82
120.0
55.58
21.86
179.3
157.3
110.4
134.9
176.3
188.9
33.41
183.5
78.78
21.00
70.82
20.11
20.33
65.88
50.62
137.6
105.7
20.32
71.37
147.7
166.2
139.9
50.08
23.94
82.87
123.0
114.0
101.0
132.4
68.27
134.6
122.8
155.6
178.4
88.53
68.89
71.50
33.35
202.9
102.8
130.9
142.5
35.63
106.8
156.1
125.5
111.9
182.7
21.86
33.36
201.9
107.1
45.91
146.2
158.2
183.5
26.67
150.3
156.3
137.7
26.76
90.53
150.0
137.6
156.2
56.10
196.0
103.1
129.1
46.94
147.7
109.5
147.6
122.3
22.71
151.0
25.99
180.4
20.91
69.44
107.4
123.5
140.8
164.8
21.90
141.8
52.47
170.7
180.1
115.7
71.06
84.38
138.3
71.47
135.3
37.91
117.1
119.2
45.29
143.1
117.8
20.53
21.72
20.31
193.5
135.6
119.0
32.90
24.46
149.1
190.2
113.8
173.5
95.65
116.7
121.9
42.25
148.6
35.29
156.1
149.6
22.63
36.15
187.6
138.5
125.4
123.1
37.35
137.6
58.04
30.05
27.29
25.48
103.8
39.71
146.6
124.7
137.5
176.2
48.74
56.21
180.5
23.70
174.7
121.2
100.7
152.6
152.4
142.1
107.5
64.97
114.4
23.69
31.20
51.25
120.5
22.91
119.2
34.87
113.8
20.72
66.18
99.88
25.29
48.10
127.5
32.33
142.6
98.82
118.8
129.5
20.11
68.41
153.1
153.6
85.02
122.1
124.8
128.6
26.85
157.9
141.2
133.8
165.7
152.5
111.7
134.2
20.67
21.45
92.61
163.6
20.69
137.5
20.17
56.64
112.8
40.95
22.00
157.8
20.22
21.22
31.57
41.46
36.21
159.0
28.00
111.8
33.34
44.93
57.97
20.30
211.6
179.3
75.59
138.7
20.93
20.19
177.1
55.98
148.5
21.67
22.82
39.43
130.0
22.92
28.68
114.9
54.91
67.10
152.3
25.99
183.1
42.94
71.23
37.97
55.87
154.7
149.2
136.1
121.9
125.8
81.30
21.01
20.98
29.04
22.73
54.88
172.0
35.27
22.13
20.22
20.05
124.8
182.3
23.82
190.2
38.17
146.5
166.3
28.04
71.36
178.1
33.00
50.28
40.71
152.1
141.2
21.20
137.8
64.88
162.9
74.18
125.8
121.7
156.2
103.3
202.3
67.16
165.0
127.9
70.36
114.4
24.11
114.8
23.60
39.27
149.4
157.8
157.7
44.76
179.5
178.8
114.3
153.0
155.5
155.0
47.08
180.1
27.12
29.17
20.07
22.61
137.4
46.11
41.67
175.7
30.82
130.0
95.60
80.41
31.00
166.1
24.58
89.28
148.8
169.3
151.2
116.5
139.2
45.21
112.0
143.2
40.21
184.5
21.59
133.7
144.7
109.8
131.0
82.51
142.6
136.8
22.55
33.28
20.83
88.70
46.82
188.8
82.69
184.4
69.57
23.21
103.2
24.24
70.55
134.6
24.35
55.00
114.5
53.55
44.98
133.8
139.8
77.14
157.7
160.9
178.2
143.9
63.51
164.8
118.3
144.1
20.17
61.41
115.5
111.3
23.88
169.4
129.2
123.7
63.52
34.79
104.5
22.09
113.3
208.9
130.5
115.0
23.62
20.20
97.59
171.5
129.6
139.1
20.83
27.11
146.0
190.3
151.2
34.59
24.15
143.7
79.71
70.32
152.3
172.4
43.82
131.6
28.57
155.5
143.4
160.5
156.7
43.01
135.0
152.0
165.7
178.5
20.17
138.0
70.19
154.3
22.90
47.43
122.4
25.17
98.64
97.09
132.9
32.74
143.7
167.1
157.4
100.6
196.0
116.5
142.5
41.46
115.5
119.0
124.0
144.0
116.8
45.13
47.08
146.0
141.7
120.8
161.0
20.83
133.3
161.8
128.2
100.5
96.98
137.4
144.0
38.48
124.4
147.0
110.3
56.61
102.2
141.8
152.8
170.4
26.27
137.0
127.3
23.56
69.74
51.05
111.3
29.24
58.87
141.3
96.71
55.01
28.94
20.18
196.7
39.29
22.64
152.5
135.3
31.95
59.02
156.8
142.8
120.3
145.7
87.76
20.84
49.43
146.2
36.02
140.0
117.0
132.5
56.99
134.2
183.1
26.86
121.1
171.6
139.9
62.13
20.26
156.7
142.8
20.23
125.2
169.7
20.23
20.50
148.7
141.1
137.8
25.14
81.90
122.6
192.4
159.0
122.5
35.68
61.64
35.52
26.36
35.53
23.98
65.68
35.18
86.18
20.28
134.0
52.13
154.2
135.8
23.33
32.00
172.3
34.47
25.73
104.5
128.2
104.9
28.20
159.2
154.7
166.7
204.5
91.84
34.91
32.11
175.2
46.08
112.5
78.75
112.6
37.12
107.6
129.0
33.98
54.83
121.1
73.54
130.2
126.1
174.9
144.9
110.8
109.0
23.45
195.1
126.0
20.88
82.93
37.08
31.96
129.5
153.0
28.70
59.52
48.28
120.7
73.50
161.2
97.76
49.30
122.2
144.9
49.81
30.74
186.7
46.31
155.4
21.08
85.86
37.51
57.75
31.07
34.51
55.48
112.0
126.2
56.92
171.6
23.39
44.59
132.3
39.91
162.2
22.73
23.81
184.6
185.6
20.59
105.6
125.8
121.4
30.60
55.63
118.4
112.3
35.43
142.6
130.4
153.3
101.4
37.64
132.5
126.8
160.0
70.60
118.8
131.1
26.51
96.70
76.61
59.35
27.20
27.23
137.6
137.6
42.57
187.8
33.93
102.3
126.0
24.52
153.3
20.80
44.06
134.4
158.4
81.84
20.69
162.9
40.97
23.55
102.1
35.61
41.34
30.43
47.42
145.1
132.3
147.0
28.60
24.70
25.26
186.2
117.9
194.3
172.7
150.0
23.35
167.8
121.1
78.31
107.0
141.4
71.62
25.96
20.58
32.46
174.7
116.0
125.4
26.02
130.1
161.5
141.0
88.40
122.0
22.24
20.77
23.91
167.8
63.60
145.6
144.4
28.32
171.2
133.2
22.55
69.03
20.49
153.7
21.26
21.65
154.3
41.06
51.82
115.2
160.4
68.14
184.8
160.2
53.53
171.1
39.97
107.4
47.41
129.1
165.9
64.29
133.9
132.5
123.3
107.4
95.37
145.0
227.5
196.0
40.42
138.3
80.19
88.92
65.03
31.67
147.9
217.3
27.65
132.0
131.4
51.32
22.50
31.20
110.3
155.5
173.5
177.6
137.1
154.4
21.07
20.55
55.33
113.7
147.5
29.80
162.7
143.3
72.81
35.29
48.58
39.79
110.6
103.7
79.38
109.1
21.20
139.2
26.40
29.23
157.6
140.8
23.05
107.6
61.02
21.32
185.8
21.63
148.2
165.7
22.61
23.32
159.4
112.3
157.7
60.44
26.42
150.9
158.9
100.7
29.77
37.06
20.92
148.2
109.8
124.2
107.9
121.2
22.38
48.52
32.00
29.02
185.8
54.05
97.00
149.9
211.8
139.2
36.87
55.20
151.1
162.2
31.94
47.87
146.6
24.73
200.2
160.5
31.20
170.4
48.59
53.38
129.2
120.2
128.1
45.20
40.12
29.31
109.8
89.46
158.5
42.59
146.6
152.5
150.0
35.67
29.47
171.2
96.35
141.8
130.9
98.17
20.09
20.10
78.01
70.00
137.2
137.0
129.7
38.18
148.8
40.95
125.7
28.91
142.4
175.4
36.55
51.65
170.2
139.1
52.39
159.5
21.73
71.55
27.79
102.6
112.8
116.9
147.7
98.70
152.8
29.60
34.48
20.86
80.33
22.85
28.50
174.2
31.66
93.75
22.60
111.7
148.7
138.6
45.77
174.0
141.3
20.89
21.47
29.59
167.2
135.2
120.7
118.6
128.2
30.09
99.56
96.56
23.51
34.42
197.5
119.1
88.23
44.75
148.6
132.1
89.51
106.7
116.3
186.8
66.74
112.3
190.0
41.11
140.5
157.8
22.90
44.17
149.5
121.0
36.05
24.60
38.24
111.9
79.15
61.05
32.84
108.1
23.85
151.7
75.35
134.9
108.6
141.9
49.76
80.44
29.17
217.6
57.06
45.30
37.70
120.2
35.25
124.0
25.29
99.46
164.7
85.99
138.9
52.36
27.35
156.9
28.17
117.3
73.89
52.56
130.9
153.0
23.28
158.6
152.1
21.98
57.15
179.0
22.52
158.0
150.1
142.0
66.47
34.67
110.4
90.45
72.08
45.21
138.4
137.4
43.75
198.0
134.5
140.2
161.6
78.69
24.00
20.08
132.4
118.9
58.01
99.23
165.9
161.7
142.8
30.72
29.89
136.8
126.8
165.2
178.6
150.4
80.75
120.8
122.9
32.75
32.69
56.10
35.26
62.10
124.9
94.75
23.87
79.51
75.52
40.83
148.9
47.00
106.1
21.36
149.8
96.61
166.2
120.7
61.73
25.51
26.69
119.6
88.01
155.9
134.6
40.91
27.94
138.8
36.38
150.7
144.3
148.7
43.92
160.0
99.43
147.2
42.05
138.7
182.7
37.79
173.9
146.6
42.61
156.9
96.43
101.4
123.3
153.8
124.1
29.01
91.69
167.1
53.50
161.8
37.05
27.96
28.84
51.56
53.28
125.3
153.5
136.0
59.37
135.7
148.3
157.2
20.39
34.19
160.7
88.05
145.1
150.1
174.0
148.0
169.0
122.4
123.7
45.94
152.6
135.5
88.13
135.6
20.94
20.06
136.7
46.53
156.2
57.69
27.98
123.5
21.49
67.92
20.77
21.40
129.8
26.83
150.0
24.50
26.22
63.69
34.76
152.1
22.34
31.27
166.5
62.85
24.51
129.6
59.76
204.3
90.58
179.9
46.68
173.6
122.2
132.6
152.1
32.90
21.37
171.6
31.60
211.6
20.39
132.2
113.4
128.7
38.71
122.3
146.2
21.95
89.58
179.3
37.01
153.4
205.5
99.15
27.39
64.21
167.0
78.67
120.7
145.1
47.68
162.6
37.60
130.1
167.9
23.13
138.2
71.03
56.26
49.72
153.6
123.4
40.72
191.3
20.39
38.07
22.10
100.6
118.6
131.7
177.8
93.57
40.68
25.59
27.69
171.8
113.2
136.3
42.52
42.67
111.5
139.3
191.2
120.0
123.9
35.88
64.83
22.88
117.8
40.13
54.95
125.8
23.80
155.8
135.4
178.9
98.34
77.12
32.16
117.4
167.2
134.1
131.7
20.12
56.53
94.34
152.8
95.34
76.49
165.9
42.70
63.10
145.7
154.0
208.7
31.62
54.05
65.99
71.09
28.66
21.84
108.7
145.8
144.1
127.7
204.9
149.0
52.80
138.1
32.97
188.8
64.15
160.1
22.84
164.2
117.3
57.10
159.8
182.8
143.6
116.5
161.6
102.6
179.6
164.5
26.69
41.23
36.47
77.00
37.01
28.83
25.93
156.9
47.44
72.24
71.14
30.56
133.7
20.77
129.2
112.2
155.9
30.88
73.00
127.1
109.2
163.9
95.40
117.8
34.46
21.76
20.10
29.20
112.1
120.0
21.81
47.65
91.65
77.08
136.6
85.55
149.9
128.4
102.1
157.1
20.95
162.4
23.40
141.5
25.56
56.37
154.3
94.04
163.6
36.75
38.64
100.4
24.87
110.0
118.0
160.2
45.22
142.2
159.6
149.4
156.3
54.88
116.0
22.86
104.5
116.6
29.85
173.9
165.5
22.04
124.8
133.4
167.1
29.25
22.65
55.67
40.75
165.7
112.7
20.10
49.44
175.6
104.1
33.94
157.1
27.28
89.72
146.9
22.16
23.72
21.44
172.7
198.3
144.0
51.17
51.33
143.4
20.09
21.43
25.74
149.8
144.9
134.0
46.38
157.0
174.7
81.82
71.54
20.12
42.59
34.97
122.5
118.4
206.7
27.63
142.0
151.1
44.02
138.4
205.7
133.6
112.4
170.2
136.5
25.85
164.2
32.20
32.60
42.21
171.3
21.53
22.27
132.7
154.7
29.59
195.2
43.39
63.25
48.65
55.83
40.71
56.05
37.82
54.80
155.2
23.39
170.5
154.0
61.12
127.3
102.7
178.4
27.22
141.5
44.83
160.9
172.2
161.0
176.3
21.38
25.53
229.5
39.38
124.0
50.05
21.43
85.27
42.37
25.45
41.00
114.6
60.85
32.31
139.2
75.31
94.96
150.1
133.4
36.37
120.8
20.54
20.52
163.4
20.31
161.2
153.2
40.98
150.9
139.3
24.81
22.70
138.1
58.40
22.06
21.04
146.5
194.0
182.1
38.57
131.2
114.7
161.0
174.7
37.36
93.95
169.2
159.4
163.9
147.1
111.9
120.2
32.46
156.8
22.79
99.76
20.11
135.3
33.13
171.2
34.50
59.65
66.75
120.2
163.4
20.33
181.1
48.53
122.8
172.6
117.5
113.3
121.7
145.9
83.72
21.37
193.6
44.42
102.1
36.54
28.48
34.84
165.8
50.09
163.7
96.80
138.8
21.32
25.84
84.76
160.0
177.5
175.1
37.71
22.92
61.41
47.11
130.1
163.4
196.7
33.44
131.5
76.39
122.9
79.73
180.3
38.12
103.8
87.54
153.5
149.4
146.7
47.99
143.5
29.06
116.0
29.50
73.20
135.4
54.89
212.9
170.2
147.4
26.03
111.7
50.34
29.01
22.85
165.2
107.1
31.70
21.54
90.95
36.53
26.67
20.86
20.06
20.13
38.20
130.8
137.0
20.39
69.36
157.3
112.3
193.9
175.1
164.6
20.22
129.3
20.45
179.2
144.6
171.6
44.54
61.43
25.54
131.1
56.87
123.6
140.7
24.66
31.57
38.16
69.55
20.62
99.18
32.05
20.31
133.8
145.1
149.7
168.0
80.83
154.8
128.7
67.86
24.08
157.1
99.71
27.29
164.8
111.3
139.2
92.53
141.4
27.57
35.97
132.2
119.8
110.5
24.11
22.62
180.4
107.7
137.8
84.05
164.7
20.64
24.23
142.8
149.1
145.1
68.32
108.6
139.2
37.40
47.80
49.30
117.4
68.10
42.48
127.8
137.9
64.80
133.2
40.65
125.1
159.5
36.74
27.89
90.07
33.08
175.2
39.25
37.56
125.7
178.2
124.9
163.1
172.4
170.3
23.16
142.8
37.53
165.2
40.13
144.5
148.5
148.0
22.56
98.29
69.27
22.67
20.42
82.05
20.75
61.09
23.09
118.2
30.62
151.1
121.9
189.3
147.8
168.4
23.20
168.5
34.82
59.19
40.61
101.3
114.2
94.26
152.7
31.76
154.2
80.92
43.79
155.0
125.4
54.08
118.2
138.6
137.7
175.9
38.93
197.3
174.4
72.86
33.06
120.4
38.25
46.28
121.5
53.37
21.58
24.46
22.41
34.52
25.70
20.71
147.3
135.9
149.1
165.9
121.6
132.5
21.05
101.7
24.97
20.64
137.1
31.75
22.36
192.7
92.36
39.25
107.8
140.9
140.4
124.5
48.48
71.66
38.45
119.5
194.2
190.8
138.5
24.56
28.15
113.4
33.42
33.77
140.3
130.8
125.5
80.83
119.9
21.71
66.09
150.3
154.8
21.89
127.0
180.8
20.13
22.32
125.1
73.70
175.4
149.4
22.90
172.3
79.30
136.5
197.5
193.1
118.7
141.8
140.1
33.49
135.7
135.4
24.42
47.06
156.6
34.25
33.88
61.24
134.9
123.5
126.6
45.44
32.88
106.9
88.17
22.85
90.20
45.77
136.1
131.8
141.8
119.8
140.6
155.2
40.78
165.4
74.89
35.93
129.8
21.38
55.80
151.1
113.2
31.12
26.66
34.07
28.01
59.88
88.12
31.52
136.8
82.09
22.66
33.39
20.58
183.9
121.0
132.9
24.89
138.4
22.58
142.1
91.28
94.33
138.4
162.6
23.53
20.07
169.1
110.3
108.2
112.6
166.8
86.89
37.42
121.8
167.2
34.87
198.4
22.34
149.7
107.5
92.50
136.8
61.11
131.4
29.82
38.17
140.9
190.5
42.14
138.1
47.38
48.86
21.43
130.5
190.5
167.0
67.12
158.1
136.2
167.2
114.9
145.1
92.06
46.01
60.05
114.6
48.59
22.83
115.7
198.9
103.5
140.4
62.55
159.3
139.1
189.4
148.5
28.30
155.3
132.8
161.7
143.9
160.5
92.09
27.28
38.49
27.01
119.3
43.61
158.0
180.1
20.25
43.91
111.7
187.1
141.5
180.0
140.2
142.1
125.1
139.1
184.8
50.03
97.67
132.0
116.5
27.07
122.3
36.90
103.9
132.8
140.5
42.94
125.0
165.5
91.12
20.48
32.24
141.6
103.6
30.11
43.78
170.8
31.84
126.8
113.2
172.2
155.2
24.64
75.04
26.69
161.0
142.0
158.1
192.0
134.4
69.10
58.86
131.2
75.56
28.50
89.82
35.87
164.7
173.8
80.89
20.35
24.76
160.5
101.7
34.18
32.58
27.94
105.8
170.1
23.80
63.67
173.9
115.3
22.38
168.5
121.9
22.11
25.48
114.8
31.77
69.55
34.05
23.12
24.22
171.8
63.27
20.39
210.1
123.2
39.09
20.82
104.4
163.4
129.8
32.84
118.4
180.8
158.7
72.27
138.8
107.3
26.50
166.4
44.55
22.93
49.03
42.35
28.96
114.6
22.57
133.7
33.10
38.39
190.7
214.2
93.41
145.3
29.88
157.0
26.68
120.7
195.2
120.3
42.56
57.75
65.11
26.76
60.83
60.80
33.76
125.2
133.6
37.58
179.1
21.35
92.64
38.85
149.9
181.6
123.2
151.7
21.00
83.25
24.37
26.24
52.26
116.4
115.2
23.00
80.75
190.6
164.0
146.4
21.09
164.5
42.48
114.9
20.74
161.1
146.8
165.4
168.4
53.68
21.23
113.6
120.9
158.6
163.9
32.62
23.21
110.4
123.6
21.18
149.3
153.1
27.99
44.72
24.88
22.94
108.4
165.1
200.2
143.9
47.33
34.22
24.59
139.7
181.6
185.7
172.8
51.84
158.2
36.33
159.1
128.9
23.84
94.09
48.21
182.5
39.45
53.26
120.6
137.3
29.32
40.25
30.67
44.52
152.1
118.5
25.67
20.08
104.4
176.4
175.0
135.1
101.1
104.1
152.2
103.3
175.6
159.8
25.86
95.27
44.23
28.84
58.95
131.0
154.0
146.8
120.1
21.71
137.2
32.81
164.3
157.3
197.7
59.37
104.7
26.74
121.7
184.9
91.01
22.27
29.31
20.67
132.3
20.41
20.12
20.63
145.6
110.9
25.69
83.51
23.33
148.7
46.41
153.2
167.3
131.0
114.3
120.1
36.64
36.86
25.15
185.1
109.3
140.8
154.6
196.0
192.2
22.37
21.05
73.82
39.38
20.34
23.06
146.7
21.94
105.6
96.81
24.13
25.88
24.71
36.17
47.60
177.6
178.7
125.0
147.9
28.85
128.3
31.36
63.03
99.66
114.3
156.3
103.3
87.98
39.09
26.26
232.5
178.8
163.3
136.3
142.3
108.0
72.77
96.36
54.77
56.29
141.9
147.5
213.7
207.9
35.00
28.03
153.5
106.7
74.86
164.2
171.5
68.88
135.3
46.59
34.17
60.18
136.6
114.4
144.6
190.0
46.33
20.73
50.62
103.4
102.1
85.42
72.02
123.9
144.8
153.7
26.66
121.7
72.59
210.2
149.7
138.4
171.9
36.92
107.8
100.6
57.06
126.7
25.74
160.2
136.0
111.6
99.65
35.63
98.86
134.8
164.3
37.03
154.6
101.3
43.02
132.7
127.8
138.0
53.98
44.79
59.89
23.38
139.6
20.78
31.64
20.15
21.23
113.2
154.6
112.2
191.5
197.4
27.56
44.84
94.62
45.05
88.24
142.8
21.38
29.47
88.81
101.9
139.2
56.78
189.5
75.55
177.8
140.8
167.4
35.34
41.74
39.51
135.6
137.0
159.9
120.7
77.84
109.7
21.89
21.94
160.5
49.13
122.4
38.55
37.95
164.6
143.8
149.9
136.2
28.45
23.86
111.2
170.5
76.32
26.03
65.51
189.2
20.49
22.35
78.70
33.41
47.58
38.19
158.0
118.3
22.57
145.6
81.96
21.04
34.84
32.12
66.64
122.8
31.20
142.7
145.5
144.3
131.8
191.0
139.7
115.5
129.4
28.18
92.43
124.7
110.7
71.82
33.21
165.8
93.47
121.4
31.19
22.76
58.84
94.47
124.1
32.09
152.5
103.9
102.4
180.0
22.70
165.7
22.09
110.1
111.3
20.68
36.94
98.73
26.55
30.97
168.7
20.32
112.0
136.9
163.0
26.29
62.62
26.50
152.0
34.67
59.60
24.01
38.87
162.6
112.4
28.54
147.0
26.92
20.14
35.89
147.8
149.5
154.1
130.7
22.96
135.1
38.33
188.0
143.7
27.56
147.3
151.6
32.87
143.2
44.61
155.6
169.6
130.7
23.25
21.41
59.42
28.40
130.4
162.3
133.2
51.71
47.20
162.4
106.8
25.49
200.2
22.02
138.3
114.7
125.7
177.7
132.9
58.70
157.8
119.6
82.48
44.30
73.08
42.92
28.31
25.99
138.6
174.0
31.44
52.92
37.94
121.5
190.4
157.8
72.77
95.61
22.50
122.5
127.5
25.99
137.4
151.6
71.48
161.6
33.98
32.36
113.1
101.3
21.76
82.80
148.6
189.0
143.8
39.52
60.48
21.37
197.1
28.11
23.48
125.6
179.6
53.06
115.7
128.4
21.39
70.36
22.20
20.29
20.38
20.15
20.09
20.24
20.11
20.07
177.4
44.01
93.33
130.6
131.9
25.14
195.5
20.91
68.09
141.4
102.9
151.2
138.8
148.8
23.23
29.14
39.99
40.47
24.11
27.45
28.97
108.6
121.8
170.2
180.8
144.2
147.1
72.27
99.78
181.9
46.28
116.9
189.8
164.7
23.00
104.7
170.8
112.5
40.92
189.8
108.8
104.7
31.62
20.39
55.56
152.8
162.5
120.9
157.1
159.4
112.2
116.0
146.5
40.13
105.1
163.8
133.4
55.05
41.00
145.8
178.6
111.6
22.68
177.3
87.37
70.39
170.1
51.01
208.8
20.91
21.50
120.0
62.33
23.68
118.9
164.2
101.7
117.0
25.97
24.05
27.70
86.32
41.92
174.2
28.53
148.1
151.2
128.5
110.6
156.6
41.10
61.54
188.8
25.64
24.77
61.38
189.4
47.77
33.22
62.89
114.4
122.3
23.34
141.0
109.9
146.9
60.47
193.3
205.8
178.8
79.58
66.83
59.22
24.85
21.86
120.4
144.1
99.26
32.33
127.3
21.14
36.43
36.01
126.6
153.6
22.16
149.2
127.8
140.2
60.83
31.00
24.85
143.6
26.92
22.50
51.39
140.4
49.08
104.0
150.2
78.75
163.4
32.12
122.2
133.1
141.9
54.80
109.6
147.5
27.35
147.6
27.88
77.16
132.6
114.9
36.42
187.7
113.2
171.5
152.2
128.1
143.5
31.99
159.7
53.10
120.8
162.0
137.3
142.8
34.65
135.0
38.77
32.83
144.7
127.9
34.39
53.33
31.66
153.0
49.49
22.95
51.67
202.2
75.33
162.6
145.5
146.7
166.8
199.5
110.3
138.7
162.6
43.11
30.88
185.8
116.9
22.86
97.41
163.7
44.21
144.1
116.3
25.74
89.00
20.76
20.06
167.9
134.4
155.8
149.2
127.7
123.8
136.4
127.0
37.58
129.2
142.9
25.51
24.52
22.32
20.64
68.88
121.0
26.38
141.7
68.48
100.9
176.3
69.84
139.2
90.77
131.8
45.95
175.5
180.2
131.3
22.22
146.8
26.32
24.99
20.05
41.99
177.5
86.69
91.28
24.50
61.20
111.6
104.8
166.7
122.1
38.29
88.82
38.42
85.96
164.5
97.79
24.19
125.1
30.90
69.90
51.39
100.5
139.3
38.14
133.4
37.51
158.1
165.1
150.2
149.5
31.95
24.81
168.5
32.01
128.5
68.18
120.9
122.6
33.11
138.7
146.9
71.46
156.7
70.29
206.6
42.62
176.3
131.3
44.82
53.55
186.1
114.2
27.08
22.68
26.35
22.19
176.5
149.0
45.34
22.88
26.89
72.80
24.37
122.6
46.21
84.70
23.74
178.2
77.17
72.32
188.1
137.0
134.0
72.48
124.6
26.96
142.8
27.82
172.3
21.97
27.37
20.66
166.3
30.70
159.7
101.5
53.81
36.85
100.4
28.12
26.35
141.4
195.8
155.8
81.20
170.5
123.3
204.7
70.98
135.3
128.9
36.88
213.9
21.36
26.22
25.11
125.4
173.9
40.38
29.44
137.7
192.2
42.28
112.7
191.6
107.4
164.6
116.3
153.9
155.9
96.20
128.7
105.8
157.9
31.61
20.52
51.00
188.4
31.27
164.5
24.55
22.20
68.53
151.3
24.60
177.1
143.1
20.73
30.48
180.4
32.00
120.4
25.65
193.3
148.8
80.89
20.04
34.84
33.05
111.3
96.59
56.44
140.7
156.4
119.6
31.11
173.9
46.21
25.42
153.8
235.2
128.5
24.88
128.8
106.3
115.5
161.0
119.5
124.0
26.63
55.04
40.80
109.9
153.1
22.51
171.6
47.41
29.54
26.89
161.0
46.67
132.7
25.69
20.17
57.00
99.17
25.69
21.54
89.23
67.27
104.7
145.5
84.44
61.28
30.15
28.56
35.86
90.89
101.0
119.2
28.72
27.89
45.21
68.60
127.7
120.7
207.7
184.1
97.56
151.7
151.3
86.63
104.5
30.49
31.44
78.73
158.8
39.44
125.2
143.1
168.6
53.77
105.4
25.00
155.5
80.10
125.5
34.03
70.22
30.55
51.62
80.53
65.58
41.34
129.6
28.73
175.8
34.17
45.45
64.39
31.66
42.11
148.7
54.47
169.2
162.4
20.08
188.6
146.1
49.16
151.6
170.8
107.0
58.40
148.3
94.40
24.54
49.78
149.0
150.6
28.06
30.41
47.33
21.67
31.31
55.12
74.98
92.35
144.6
120.5
156.0
46.88
46.25
20.95
181.7
51.54
29.69
25.02
148.0
23.42
134.2
61.93
176.1
73.10
138.8
41.17
121.1
46.40
41.58
48.70
187.8
78.14
119.8
160.5
142.1
21.52
21.50
44.66
62.70
21.62
61.11
153.3
36.69
120.9
143.1
91.57
109.2
120.0
21.07
140.3
178.4
60.26
51.43
132.3
178.4
150.2
33.95
120.9
37.19
115.8
64.00
35.62
37.33
137.7
43.56
62.27
99.06
55.56
113.1
145.8
31.53
140.3
20.09
20.55
60.40
55.93
196.6
198.1
26.35
24.52
24.93
123.2
131.5
138.7
150.4
31.77
104.6
111.4
190.4
20.75
83.40
139.3
145.8
152.2
118.3
180.3
147.0
164.6
171.9
185.7
21.28
144.8
166.2
143.0
25.24
137.4
123.4
149.6
184.0
126.5
29.17
37.09
106.0
25.64
129.5
167.4
100.7
20.30
71.93
114.0
109.9
150.8
135.7
143.5
26.13
124.7
26.79
73.02
20.32
125.3
203.3
123.6
180.8
93.11
20.57
125.8
37.02
170.0
148.3
162.9
38.91
128.9
36.00
20.78
26.59
30.56
75.79
201.9
26.00
20.93
20.47
25.55
22.06
123.5
29.43
21.27
20.77
48.48
154.5
113.1
192.1
56.66
25.01
191.4
84.17
168.4
37.78
135.5
174.0
123.7
21.37
52.67
107.2
127.2
133.5
125.7
125.9
31.50
172.7
143.7
60.04
137.0
162.2
81.35
161.9
22.20
23.19
36.30
106.7
26.85
113.5
31.11
206.3
138.4
135.4
78.08
55.54
34.60
62.35
29.97
153.3
26.07
24.24
61.95
189.5
69.48
142.0
28.29
111.4
25.03
89.00
110.5
177.9
75.30
27.77
144.5
38.91
21.09
21.74
153.1
85.09
31.65
99.11
28.24
147.6
136.8
199.9
23.32
107.7
114.8
20.92
22.95
20.64
178.0
102.6
37.00
75.89
40.80
140.8
177.2
154.3
139.5
55.97
179.1
123.8
148.3
64.30
133.4
27.53
127.1
36.39
153.4
138.4
55.62
123.0
143.1
40.92
39.74
38.09
152.0
37.15
138.5
173.8
107.5
138.8
56.39
105.7
163.3
117.4
166.6
20.96
157.9
159.7
100.4
142.6
158.1
84.90
98.80
38.88
65.01
142.9
131.8
123.5
31.11
54.37
145.9
41.46
117.8
140.8
164.6
28.54
158.3
145.1
44.23
106.1
148.1
120.7
28.35
129.9
20.94
109.8
207.7
134.4
34.59
154.9
145.7
110.1
112.0
156.3
140.3
222.1
22.38
103.2
31.47
24.37
26.46
24.51
49.96
22.42
117.2
182.4
153.2
118.6
182.3
155.7
48.62
132.4
27.42
182.2
152.8
63.74
141.0
156.2
29.51
116.7
136.2
47.67
40.64
21.92
171.2
121.5
172.1
46.68
152.9
150.9
20.84
25.32
65.72
173.8
159.3
191.4
69.27
150.8
24.97
132.7
143.3
41.15
56.12
82.18
153.2
34.27
142.9
22.00
176.1
140.0
149.5
67.89
152.6
145.2
123.6
180.1
147.8
74.60
171.4
206.0
168.7
143.4
200.7
52.36
162.5
98.42
195.7
28.78
140.7
87.16
61.13
104.7
85.76
186.0
50.51
130.3
123.3
138.8
53.49
178.2
71.86
21.26
53.02
49.05
133.3
30.23
30.93
173.2
32.12
83.26
41.70
177.3
114.9
132.6
29.19
150.7
117.0
108.6
145.0
85.85
170.2
171.0
124.3
22.57
45.79
122.8
21.25
123.7
153.4
142.2
26.02
59.71
25.34
78.14
150.7
34.47
20.61
148.3
31.26
20.90
28.74
150.7
101.7
43.77
123.1
146.7
132.1
116.2
37.85
69.82
22.93
156.0
122.9
74.05
135.4
100.2
136.8
120.0
89.10
47.41
29.42
44.90
77.66
174.4
124.1
94.98
170.6
79.27
106.6
74.36
148.9
21.07
211.3
27.21
156.2
163.2
25.97
26.30
23.64
23.41
23.58
22.98
23.61
23.59
23.77
23.76
23.99
23.61
21.78
22.99
173.2
35.62
33.62
37.46
33.29
32.04
137.3
36.34
140.6
140.0
30.41
102.6
83.07
130.5
173.4
128.2
202.5
28.98
24.35
25.11
21.65
127.4
176.8
176.3
80.34
45.09
117.3
123.8
24.06
176.5
134.6
112.1
135.5
43.96
145.1
141.8
37.07
36.21
110.2
42.52
20.17
118.7
169.7
98.54
141.9
114.4
83.20
151.8
131.2
66.32
22.66
153.1
124.4
41.36
153.9
124.0
103.0
117.6
121.2
76.02
189.7
81.09
124.8
145.8
28.45
40.97
160.6
71.46
129.8
133.5
168.8
21.02
155.0
20.53
36.01
112.4
25.86
153.4
110.0
101.8
161.6
168.0
146.1
171.9
155.2
159.5
112.0
118.5
133.3
175.3
27.18
36.81
174.4
56.43
38.81
25.66
104.7
133.1
121.1
122.3
152.5
175.7
105.7
28.66
158.8
162.9
139.1
120.4
197.8
22.94
141.5
203.1
55.13
167.4
78.02
63.38
131.2
36.86
33.85
134.1
161.5
28.36
31.81
84.97
135.6
21.99
26.95
37.38
145.1
121.3
47.37
192.2
51.79
137.0
33.29
160.4
137.6
154.9
32.23
62.24
192.7
57.11
21.54
182.4
70.19
35.85
161.1
171.4
139.0
119.8
128.5
118.9
176.9
100.5
27.26
48.16
37.76
20.15
60.47
42.46
49.29
151.1
24.17
25.45
96.05
127.7
132.4
61.89
177.2
144.6
131.8
42.78
139.6
117.0
115.3
130.1
21.66
81.44
25.57
179.0
40.64
120.3
115.5
75.65
51.84
159.7
167.1
20.07
28.20
20.36
130.1
24.83
92.48
47.73
46.41
65.70
62.22
145.2
106.5
93.65
32.62
170.3
144.5
21.69
152.7
146.4
69.65
107.1
151.6
110.7
101.2
165.0
36.26
57.13
119.4
34.61
94.06
20.41
162.2
154.4
76.28
56.35
35.54
122.6
105.4
37.95
138.3
30.63
43.39
116.5
25.00
109.8
25.99
21.83
198.6
45.06
109.0
142.1
149.4
117.0
52.37
164.5
29.65
155.9
187.6
115.7
136.6
103.3
21.75
156.9
28.42
140.5
143.4
34.66
154.6
24.01
25.27
43.81
41.90
104.1
168.3
66.87
144.6
40.43
95.31
20.28
86.77
131.3
133.5
143.6
117.6
42.37
29.14
123.2
61.11
41.69
58.61
191.7
47.24
34.76
114.6
114.8
87.25
122.6
22.80
55.86
159.7
31.44
192.2
109.9
25.41
31.60
36.40
39.24
45.12
40.05
20.43
29.67
116.0
117.7
50.10
217.9
38.50
53.12
22.76
41.35
135.0
160.0
21.66
83.02
169.2
139.5
101.4
71.66
69.90
21.85
21.21
57.10
33.05
130.7
138.0
23.65
150.5
140.7
22.01
77.55
113.2
142.7
58.39
162.3
29.33
21.16
34.67
105.7
121.0
155.6
128.8
101.5
114.8
169.7
74.12
147.9
140.4
81.48
24.89
88.05
172.0
47.15
29.07
61.06
123.7
26.12
121.4
69.48
95.39
126.5
178.0
73.74
138.3
170.6
115.9
148.7
26.74
123.9
147.8
92.57
80.65
158.1
160.2
51.24
114.5
205.3
37.81
135.1
114.6
194.2
134.5
132.3
59.91
25.77
116.2
96.68
127.4
59.23
50.24
65.09
20.73
56.06
40.66
61.88
101.2
140.8
137.0
140.8
147.3
37.16
20.21
127.1
124.8
55.84
166.1
53.06
119.3
125.5
30.85
21.44
168.7
163.4
114.8
113.0
158.4
99.01
32.90
35.34
149.4
48.99
106.1
156.3
21.21
47.52
21.45
138.0
46.18
91.41
181.9
28.83
77.47
43.68
183.0
200.0
23.84
199.9
88.02
23.31
193.8
96.03
143.5
98.84
129.0
175.9
138.5
102.7
31.03
98.75
103.1
31.86
89.44
144.2
23.32
47.22
164.5
180.2
57.56
189.0
136.0
72.87
157.1
50.79
84.11
131.1
117.5
78.69
49.38
116.7
62.80
132.3
24.76
162.5
153.0
25.97
32.16
21.28
24.06
108.4
57.13
79.37
28.27
32.44
27.09
126.1
36.90
26.48
20.64
52.56
156.5
56.91
109.7
162.7
141.1
159.7
104.5
153.4
32.64
178.9
184.4
32.77
106.6
114.5
26.62
134.1
21.15
153.7
36.09
103.0
168.2
45.60
149.8
35.09
24.97
70.86
20.80
173.5
145.4
148.9
119.9
132.8
22.97
23.41
115.9
66.02
21.85
21.34
22.14
189.2
153.2
145.1
20.11
116.8
28.21
148.1
23.90
104.9
137.5
21.44
88.66
148.5
119.7
36.16
110.6
32.50
46.23
59.12
120.8
148.9
33.97
166.1
141.7
152.7
85.68
138.7
55.67
90.70
103.8
117.5
162.7
26.77
20.94
157.5
154.9
30.43
47.08
138.0
66.94
20.28
158.5
121.3
26.53
20.58
201.0
159.1
25.22
148.5
23.19
175.3
142.2
63.71
75.06
29.94
129.2
101.9
140.8
58.20
21.20
107.5
24.87
48.75
197.9
139.7
92.80
42.82
64.56
26.04
126.8
137.5
36.79
100.9
53.91
178.3
48.08
126.5
22.31
137.4
115.0
176.2
157.3
133.4
68.82
140.2
20.41
216.8
165.9
21.43
140.2
22.68
182.1
136.8
157.0
30.65
138.0
120.6
151.7
151.9
165.9
22.39
24.38
143.7
119.0
86.06
81.96
100.7
41.35
96.90
49.04
46.00
22.42
31.57
28.17
140.9
112.5
132.8
98.12
54.24
23.26
20.93
98.98
160.2
24.13
96.45
127.9
179.4
67.48
20.73
123.3
110.5
135.5
116.1
152.6
56.16
44.83
105.2
153.8
78.54
28.65
162.5
145.1
150.2
115.4
52.11
93.78
31.52
20.45
143.9
166.7
194.6
108.0
103.6
52.01
151.2
122.1
59.62
21.43
21.13
51.82
123.9
110.9
45.91
169.4
33.60
150.7
126.5
160.5
51.09
63.66
148.1
142.6
27.40
115.3
48.28
222.7
142.2
117.2
26.50
165.6
113.0
152.7
78.99
52.59
146.9
195.9
36.37
21.38
158.4
44.37
111.7
208.3
158.7
181.6
156.7
55.29
181.9
36.89
99.93
118.8
85.31
98.41
22.99
81.03
38.41
135.7
178.7
92.98
54.02
129.8
21.94
101.5
194.1
122.3
134.4
161.4
79.73
23.90
188.0
163.1
185.8
156.6
57.66
38.30
135.1
126.4
40.17
20.22
80.94
97.76
91.58
159.3
120.2
30.59
196.5
114.0
160.6
120.5
124.7
31.10
42.95
127.9
123.2
136.7
104.2
167.9
71.73
93.61
190.5
130.1
129.8
61.27
143.0
142.3
55.21
49.78
160.6
175.3
21.02
21.50
125.7
67.53
29.01
45.98
130.1
78.95
107.0
154.7
125.8
45.95
54.60
43.38
131.0
27.22
34.94
22.51
195.6
100.9
26.70
99.26
23.49
20.06
169.1
195.2
86.16
119.8
37.61
23.95
130.3
23.48
116.1
21.69
127.1
115.6
34.56
31.95
139.6
151.1
42.90
74.68
193.0
95.25
24.28
120.0
147.9
119.4
110.5
66.80
139.3
24.49
29.39
24.07
26.08
125.2
25.27
24.46
123.3
166.3
164.3
60.83
155.4
128.8
24.56
79.60
31.27
32.57
182.0
124.5
161.5
131.3
115.9
148.2
169.7
119.3
150.8
129.7
135.2
21.51
170.6
21.00
21.36
121.6
164.5
154.0
153.9
151.7
114.9
30.43
176.2
149.1
111.4
47.90
100.4
130.6
127.6
130.8
47.21
23.86
85.12
109.9
176.4
114.3
54.40
57.55
108.4
187.3
65.82
20.36
71.81
196.2
136.0
104.0
25.81
144.1
179.2
95.79
35.76
50.41
58.09
127.8
133.5
39.34
25.10
147.6
162.6
140.8
20.31
24.36
104.7
113.5
25.51
137.1
88.79
32.05
138.2
33.26
26.00
195.6
174.3
164.0
119.5
170.8
159.6
24.44
158.2
28.71
95.31
129.5
51.78
117.6
119.4
188.4
24.19
126.4
134.0
34.72
30.96
104.1
110.5
24.07
36.08
146.0
142.7
103.0
126.7
21.45
23.00
71.91
20.09
168.8
21.79
53.89
161.0
20.33
21.43
37.38
20.71
135.7
20.93
22.51
156.8
20.51
37.22
24.30
20.37
176.0
21.83
137.8
25.12
51.19
119.2
20.29
135.6
20.68
21.08
21.43
22.62
131.7
103.1
32.43
163.8
22.64
21.14
56.40
138.5
132.3
20.06
145.7
106.4
59.98
135.9
39.35
148.2
24.84
20.42
175.8
122.8
73.51
20.42
91.55
91.52
85.14
51.89
21.50
26.80
20.36
137.8
20.45
140.6
20.25
20.86
20.37
20.21
21.08
80.23
92.05
152.3
186.0
162.6
174.0
44.11
125.5
20.86
139.8
24.65
34.83
28.98
21.23
105.4
143.1
88.71
21.73
151.6
116.6
36.06
84.69
107.8
180.0
49.72
26.26
139.2
67.90
93.88
28.51
104.2
129.8
38.69
131.8
157.4
88.77
32.84
161.0
192.6
135.4
130.1
27.84
35.14
30.23
35.42
20.40
26.25
32.65
174.0
26.06
30.61
24.66
145.2
170.3
38.28
111.9
143.6
30.51
36.88
136.7
32.67
118.2
129.6
107.5
99.84
74.98
20.07
20.11
20.32
161.0
152.4
149.0
141.2
152.8
24.62
110.2
139.5
50.17
73.66
119.0
41.88
31.06
147.8
73.81
165.6
172.7
43.05
115.2
72.40
174.2
91.79
158.9
20.48
22.15
182.1
116.1
124.5
93.41
158.7
29.01
72.24
100.0
175.1
140.1
77.94
49.34
129.4
88.06
152.8
26.74
172.3
155.7
42.45
155.0
128.9
134.3
181.8
135.4
37.09
24.86
125.7
61.47
181.6
70.60
154.2
162.2
127.8
135.2
80.17
70.31
155.0
109.3
161.4
50.13
118.7
195.6
116.6
97.81
92.05
20.46
89.82
34.55
194.4
143.8
139.9
29.86
45.90
76.51
38.39
174.7
181.1
137.3
22.63
20.07
111.1
25.35
194.0
33.73
161.7
120.8
179.7
25.57
21.78
40.88
176.2
23.91
92.45
20.46
62.83
135.2
38.40
164.5
162.5
189.9
37.71
140.9
126.2
120.1
48.43
21.04
45.51
147.6
21.23
134.4
48.03
32.13
106.3
195.3
147.6
146.8
88.72
175.9
138.2
170.9
84.25
88.61
75.58
126.5
20.57
109.3
20.92
119.5
145.9
28.81
119.5
78.38
102.1
182.4
148.2
163.0
133.0
184.6
169.6
152.8
122.4
138.2
173.8
115.1
24.44
23.13
121.3
120.7
136.2
124.4
176.6
36.92
143.1
26.24
94.20
109.6
22.53
23.62
24.41
51.73
139.9
128.5
77.35
167.1
40.27
27.44
29.39
22.13
20.05
121.6
29.47
177.8
135.0
169.9
48.85
124.2
25.10
128.2
67.29
25.23
23.92
153.2
153.1
105.2
77.57
158.2
31.86
72.93
157.9
135.7
163.7
45.17
137.4
65.41
101.0
120.0
122.9
24.01
20.47
115.3
37.19
137.0
41.34
35.42
21.42
50.20
171.8
118.3
111.9
149.7
67.81
20.96
20.72
230.3
77.75
161.0
108.8
32.83
84.37
155.3
28.86
35.74
195.4
29.25
148.1
130.4
28.13
181.5
177.7
166.1
75.24
49.46
152.3
27.28
220.3
169.6
117.7
132.3
20.23
22.10
191.3
139.0
27.17
151.7
139.2
29.95
163.0
136.2
115.1
20.42
20.38
65.94
20.44
138.0
139.1
155.8
150.3
112.2
109.6
139.0
66.47
23.22
24.93
100.6
177.9
160.2
22.63
171.2
88.21
82.32
129.1
25.45
43.58
48.42
38.59
22.14
118.7
129.5
31.66
45.36
176.5
117.9
136.2
110.5
146.3
21.67
31.75
163.4
118.2
208.1
42.48
61.00
177.5
162.8
157.8
116.4
166.4
42.25
110.9
137.0
81.13
118.7
40.70
148.4
138.0
129.5
160.5
70.14
105.9
180.3
24.54
188.6
166.7
125.2
43.31
70.60
181.9
135.8
144.0
22.65
172.5
22.92
126.9
148.2
137.1
33.41
167.8
70.82
139.9
20.51
34.23
44.54
24.55
21.06
135.3
83.68
134.1
143.9
34.22
158.0
170.8
155.6
119.5
44.49
187.0
22.85
177.6
122.2
60.70
82.00
115.8
88.10
20.50
21.67
50.27
165.9
135.9
31.91
189.3
46.69
150.7
150.5
27.19
139.2
26.29
128.5
71.70
72.23
146.3
117.9
23.37
21.17
33.45
175.6
44.79
159.8
175.0
135.1
183.7
161.4
21.40
29.98
71.21
52.80
42.65
156.3
24.34
118.7
160.7
26.68
28.58
123.1
25.69
160.5
71.95
55.54
184.4
133.8
39.43
86.03
94.08
28.07
140.2
64.98
130.0
98.04
114.0
25.43
113.2
113.4
169.7
31.23
66.81
129.3
41.80
25.05
20.11
186.9
43.56
40.81
36.30
75.52
30.15
20.26
148.1
84.85
84.88
141.3
135.4
28.95
105.3
23.54
116.2
150.1
96.36
120.4
37.86
95.72
160.0
20.68
97.87
152.6
53.39
121.4
145.2
67.61
149.0
25.67
26.60
96.41
20.36
35.32
59.91
88.90
49.07
27.41
152.2
121.9
198.8
27.93
27.65
178.8
150.2
156.4
73.49
52.03
204.5
187.9
143.6
94.05
27.57
140.2
176.1
104.5
99.98
105.5
168.0
148.6
72.22
40.05
133.7
94.69
21.43
126.4
167.9
44.20
20.44
30.96
118.2
21.00
22.86
140.1
23.30
159.5
52.72
47.19
35.12
114.8
135.7
145.3
100.3
175.6
136.0
152.1
82.16
93.93
125.9
25.57
23.78
121.7
113.9
175.3
171.0
111.6
143.2
100.4
213.0
109.3
77.03
88.35
101.1
105.7
75.10
103.5
27.63
138.3
28.54
218.6
89.91
29.01
45.11
156.7
199.9
130.0
192.7
31.43
152.3
108.8
136.1
28.00
141.8
84.41
129.6
90.30
28.87
25.62
169.1
115.5
162.2
60.16
49.47
135.0
21.94
116.5
108.5
107.6
115.7
114.3
198.3
144.4
34.44
212.0
172.0
31.87
68.11
20.08
163.0
52.01
106.9
129.7
141.1
22.90
155.7
122.4
154.2
120.8
139.9
204.4
157.6
118.3
48.25
53.24
22.47
149.7
105.1
157.3
109.7
123.1
115.9
23.82
110.3
97.66
81.11
128.4
213.1
156.4
26.82
154.7
38.93
41.03
143.4
176.7
186.1
29.70
101.7
94.47
28.38
140.9
66.17
99.05
165.4
146.6
180.0
24.51
173.5
176.2
33.39
24.96
26.29
130.9
57.14
93.57
36.92
171.7
161.6
147.1
111.5
40.74
26.63
34.44
27.03
178.1
144.1
164.2
160.8
23.51
40.10
174.6
122.6
45.33
165.1
23.23
20.75
21.00
115.3
33.15
31.49
35.53
20.96
21.52
22.42
68.99
141.9
77.76
27.25
64.04
33.55
172.5
193.8
125.0
126.0
28.61
112.5
28.12
118.8
147.7
142.0
182.7
21.32
117.6
66.67
78.42
136.7
67.65
135.0
46.53
38.75
49.77
28.55
177.2
82.36
20.45
189.3
26.43
111.2
186.7
47.88
24.83
159.3
23.81
138.1
104.8
162.3
159.7
167.4
148.1
31.53
184.0
20.56
124.6
120.9
38.48
118.3
28.81
177.8
123.0
34.14
105.0
159.8
21.99
32.32
168.5
177.8
29.40
134.8
175.5
134.1
147.7
62.72
38.62
23.58
122.1
145.6
177.5
23.66
22.96
32.53
47.45
117.4
177.4
150.1
39.38
122.8
50.94
60.82
28.79
23.50
102.3
89.03
176.0
48.00
118.9
96.28
28.94
23.98
33.07
25.13
159.7
179.3
199.1
122.4
58.53
35.62
158.1
36.53
122.3
197.6
40.99
109.3
20.05
21.80
75.43
133.9
46.50
33.55
122.2
48.33
102.3
20.49
107.6
134.2
20.21
150.9
165.3
177.1
84.79
30.03
166.9
143.0
74.50
22.19
107.0
36.89
33.58
106.2
166.4
97.21
127.3
54.04
162.3
159.8
66.62
127.1
158.9
146.4
119.2
81.03
149.4
37.14
162.1
207.4
150.9
62.81
26.41
138.1
37.96
21.60
115.9
186.1
154.8
137.8
101.0
160.7
99.28
24.88
124.0
29.90
86.23
127.4
97.61
147.6
175.2
168.6
78.67
27.65
106.8
183.7
134.8
180.6
98.53
181.6
20.50
25.42
74.48
98.53
23.31
27.32
34.07
22.51
71.44
31.13
127.1
31.76
125.3
161.6
21.39
156.3
127.1
22.92
143.1
73.06
184.2
60.58
150.2
176.0
136.3
42.40
38.55
115.1
20.37
72.98
70.95
171.7
184.1
174.0
136.6
85.19
190.9
199.4
173.5
38.10
160.3
121.0
175.1
138.0
161.8
29.72
164.1
38.43
128.3
84.22
152.2
190.1
100.3
130.7
161.1
65.62
85.62
55.52
177.2
160.4
36.22
132.6
153.3
44.23
94.97
108.6
65.33
162.5
21.05
166.5
153.1
176.4
119.7
20.62
170.9
122.6
39.41
30.52
87.48
94.62
22.76
144.2
151.6
21.63
70.00
31.21
195.9
135.0
146.6
121.9
151.1
153.7
112.2
31.55
146.3
36.76
23.67
159.7
147.8
21.89
50.30
107.4
101.7
124.9
171.0
38.81
30.18
51.67
167.2
179.8
54.31
144.1
28.09
169.5
20.78
22.01
120.6
21.73
141.3
52.34
120.0
54.79
107.2
23.35
133.9
33.54
118.2
23.73
54.98
142.6
53.06
131.9
160.5
103.6
117.5
115.3
72.46
53.70
139.3
119.3
29.14
33.62
116.8
25.79
25.88
54.88
83.59
127.4
135.0
24.83
73.25
80.40
126.6
206.5
80.14
128.5
107.2
25.43
154.1
28.29
24.14
148.8
101.6
89.22
24.24
22.56
99.07
165.9
46.38
99.86
117.3
125.7
172.9
21.91
205.9
109.8
160.1
29.84
211.1
161.1
24.08
99.61
144.8
86.31
42.47
124.7
27.95
35.38
24.92
155.6
99.27
183.9
108.1
176.7
138.1
175.7
46.91
164.5
138.3
221.6
26.70
155.5
21.49
60.46
140.9
43.72
20.78
113.4
29.48
65.80
24.54
181.5
38.53
140.7
125.0
127.9
33.73
166.7
175.4
132.1
135.6
145.1
180.2
36.02
113.2
113.5
31.67
35.85
20.39
26.09
165.0
23.00
150.5
25.88
129.1
71.72
144.5
153.2
143.5
136.0
153.3
150.6
62.34
164.6
32.05
175.5
161.8
36.31
141.3
24.09
24.08
54.72
48.38
148.2
49.15
80.75
87.10
41.28
128.1
140.3
133.9
152.2
164.5
158.9
167.2
159.1
46.78
47.47
62.75
154.3
21.34
25.74
193.3
167.3
149.7
44.36
121.4
34.66
28.70
188.8
138.4
25.45
118.3
74.98
145.4
142.5
145.4
20.19
102.6
99.77
20.43
20.07
169.9
126.6
169.0
67.07
121.3
86.64
166.0
48.88
42.90
154.6
126.2
25.74
132.6
26.36
38.91
36.44
59.99
73.92
52.11
41.61
85.48
49.19
142.7
144.3
22.44
56.25
150.6
61.61
120.4
101.0
69.73
24.64
155.4
131.3
25.39
42.18
20.32
21.76
143.8
24.90
28.00
188.4
48.10
116.2
170.3
105.7
32.17
166.9
174.1
88.99
137.4
91.77
138.6
101.0
153.4
150.7
29.87
183.9
163.8
36.02
110.8
29.91
74.73
136.1
33.76
129.4
147.4
118.9
92.25
32.76
152.6
29.15
127.3
128.7
118.9
138.9
73.82
126.6
133.9
186.5
40.80
51.16
82.79
167.0
98.89
33.80
174.4
154.5
102.5
21.67
123.2
167.9
41.39
134.5
127.0
166.5
177.2
157.3
133.0
28.60
109.9
67.94
43.57
81.36
117.7
39.98
123.1
85.93
29.59
135.2
116.4
79.55
28.28
143.9
132.1
125.4
36.61
134.8
109.7
66.74
31.90
101.3
50.24
25.92
22.65
62.23
127.9
118.9
29.38
20.13
117.4
20.90
22.28
25.24
130.6
92.82
21.29
20.24
158.6
49.23
139.2
96.30
172.5
112.9
130.7
101.5
25.90
105.6
144.8
170.4
147.9
159.1
23.59
72.43
128.5
153.5
35.32
41.58
72.43
155.2
147.7
44.82
99.63
145.0
140.4
134.5
158.6
155.0
157.6
33.48
139.8
147.7
153.4
68.86
89.86
170.7
37.75
139.5
50.48
182.4
162.1
20.85
69.61
54.36
34.91
115.1
136.1
27.89
84.29
65.50
46.92
126.7
21.20
40.12
70.43
30.99
137.2
138.9
30.22
28.34
33.94
144.3
176.0
138.2
151.9
30.22
48.96
30.38
179.2
44.98
114.4
60.73
135.7
51.66
132.4
143.2
27.25
141.9
20.34
20.10
154.2
112.2
147.6
155.9
128.6
159.5
45.40
21.41
159.9
146.2
154.2
20.28
184.3
66.31
42.31
180.9
210.6
43.57
164.1
29.74
170.0
37.96
143.8
57.67
113.5
36.80
21.02
150.4
31.15
98.21
145.7
24.31
158.9
56.31
150.2
163.1
115.1
77.12
21.30
186.2
24.25
21.05
189.4
170.1
144.7
58.60
75.46
32.42
115.7
37.04
116.0
139.5
161.5
146.0
157.3
116.0
147.3
20.39
20.98
123.7
112.2
112.2
166.8
45.89
161.5
150.4
112.2
94.10
151.3
25.67
60.57
32.11
80.64
145.0
135.5
164.6
24.95
22.26
184.5
45.44
119.8
39.39
35.76
154.4
25.99
55.93
26.65
35.87
27.23
162.8
90.79
39.08
28.24
144.3
32.65
162.5
163.3
31.93
203.6
173.4
78.83
187.1
95.21
35.29
109.4
154.5
43.06
169.8
20.36
70.30
68.43
38.53
20.22
22.94
130.0
148.2
56.67
154.8
67.61
175.6
154.2
145.8
141.3
155.2
169.8
122.6
20.80
103.9
152.7
43.29
131.8
147.5
132.7
20.08
22.03
125.4
27.89
181.7
49.16
27.00
29.32
68.53
35.99






























































































































































































































































































































































































































































































































































































































































































































































































































































































































































































































































































































































































































































































































































































































































































































































































































































































































































































































































































































































































































































































































































































































































































































































































































































































































































































































































































































































































































































































































































































































































































































































































































































































































































































































































































































































































































































































































































































































































































































































































































































































































































































































































































































































































































































































































































































































































































































































































































































































































































































































































































































































































































































































































































































































































































































































































































































































































































































































































































































































































































































































































