93.62
51.03
41.69
93.02
28.72
21.89
27.80
38.41
90.63
98.78
118.4
33.49
127.2
85.05
50.66
49.14
73.65
46.36
134.4
25.40
29.60
28.99
36.11
168.4
85.19
120.3
30.39
20.32
90.66
23.15
60.47
35.93
113.4
21.53
49.92
101.5
81.19
57.42
101.7
119.3
70.88
36.17
105.3
35.62
68.10
95.85
47.76
48.73
94.32
48.73
87.81
120.3
71.10
136.6
79.20
94.53
96.90
40.14
85.49
85.32
47.39
37.09
20.59
143.7
87.49
21.58
37.42
23.10
20.54
20.58
106.6
21.94
28.56
90.72
22.94
87.16
111.4
153.9
88.09
46.51
112.1
116.7
108.7
24.47
127.3
100.4
35.14
95.01
30.49
22.25
26.07
127.5
92.13
20.47
23.70
39.19
33.01
45.40
104.2
85.79
85.33
101.8
161.0
34.57
61.77
50.18
173.2
94.71
90.75
70.32
21.59
129.4
31.60
117.9
87.99
83.89
27.10
95.64
115.6
20.06
92.41
149.8
117.3
35.44
162.8
25.68
100.3
34.08
45.12
22.72
105.9
21.93
21.99
33.64
25.44
56.23
102.1
87.75
134.9
25.38
94.99
84.05
20.81
42.47
56.63
90.40
101.1
85.60
117.1
81.47
87.53
51.82
136.4
96.76
63.92
37.21
95.16
24.22
46.01
104.6
20.73
106.3
97.38
38.05
22.21
30.25
131.7
82.54
21.77
27.12
22.31
96.31
96.74
23.36
137.7
131.3
123.4
67.97
25.07
23.40
53.51
26.92
114.6
24.58
25.52
73.90
74.70
82.51
106.0
26.93
129.6
33.89
20.89
144.1
79.70
134.0
33.48
29.35
46.73
128.2
96.56
107.4
25.19
105.1
31.69
29.44
134.5
113.4
34.29
23.64
32.73
125.6
22.17
22.76
133.9
100.6
21.49
133.0
21.49
119.2
163.3
105.6
160.0
21.50
33.74
20.05
22.83
131.3
77.22
132.8
99.92
22.58
27.20
145.4
81.46
29.67
102.0
38.80
29.98
84.45
38.58
104.9
20.93
21.16
102.7
103.7
49.05
152.9
36.44
90.62
62.38
86.33
21.65
64.10
36.51
60.21
87.39
45.04
20.53
25.14
71.41
39.94
101.3
98.37
151.1
148.1
29.00
178.2
55.95
31.30
29.02
68.36
53.03
102.1
35.42
43.96
46.58
88.10
27.37
85.08
87.42
100.7
58.77
24.75
85.51
22.35
40.49
21.68
24.96
51.19
96.80
98.91
87.81
101.7
37.12
116.5
185.1
92.17
36.34
51.49
136.9
21.81
32.44
57.44
96.31
33.92
44.05
66.19
117.1
78.39
29.32
103.6
102.1
26.54
24.88
63.72
21.01
156.3
92.74
179.7
21.68
21.58
48.53
94.02
41.44
123.3
138.7
22.35
56.89
117.9
157.6
20.30
40.72
133.1
92.84
134.5
42.28
35.52
23.07
79.07
86.88
38.21
104.9
20.63
47.40
83.68
41.62
83.59
107.3
92.65
85.50
79.11
78.50
96.70
156.7
44.91
82.43
127.5
20.95
40.90
140.5
31.52
114.4
114.1
84.34
36.93
22.72
59.46
93.69
45.20
190.4
143.4
24.82
77.89
155.3
56.61
105.3
142.9
32.41
29.29
49.59
179.4
73.37
46.45
80.21
192.6
39.24
112.9
84.46
48.90
47.61
102.0
41.11
31.38
88.91
130.2
101.5
159.5
44.92
130.8
20.28
98.76
37.28
123.5
84.49
27.26
21.76
20.87
132.2
37.10
107.3
45.33
86.95
111.1
98.56
32.44
74.54
20.82
59.63
65.21
52.48
55.06
78.72
25.70
96.74
126.4
89.76
38.84
28.55
81.73
117.9
49.34
93.99
29.94
35.00
30.95
109.7
68.28
30.89
29.75
45.00
39.00
20.30
25.36
90.07
60.61
101.3
55.58
109.3
22.80
89.39
70.34
93.25
58.70
62.57
24.14
139.3
106.7
23.64
54.33
60.91
69.75
25.52
83.01
23.66
119.0
30.37
75.00
113.7
92.89
99.18
30.80
86.60
141.6
35.30
108.8
20.70
31.72
96.09
127.2
109.0
32.49
115.8
32.53
20.39
84.13
115.6
42.40
25.18
86.52
150.6
43.23
43.90
94.10
78.64
91.66
101.8
98.51
86.36
35.42
30.60
87.36
30.34
109.2
52.13
40.48
98.92
28.31
60.70
126.9
29.32
95.71
22.57
25.96
38.66
23.28
34.24
119.9
98.02
22.47
82.50
42.00
96.84
80.15
37.85
139.1
26.99
21.95
62.69
109.3
105.2
36.21
76.56
68.00
24.61
125.4
44.39
52.00
58.54
120.7
82.04
20.50
21.83
25.30
127.9
98.17
21.91
57.71
96.53
53.73
49.79
178.1
115.4
106.9
31.94
98.95
43.66
22.21
114.7
142.1
49.41
119.4
83.09
108.2
37.37
36.05
29.77
120.7
38.13
44.72
88.70
31.48
79.97
71.76
90.30
22.78
32.38
20.26
75.44
30.00
104.4
109.3
99.17
129.8
55.17
98.92
35.19
103.3
42.63
107.9
144.2
120.1
64.66
21.66
98.59
33.08
46.02
104.2
67.24
43.89
110.8
21.17
43.62
23.18
52.38
59.81
93.08
20.44
199.1
150.7
91.46
108.5
89.32
21.54
44.28
35.82
107.5
82.28
97.15
93.43
22.16
113.3
37.26
21.91
124.8
58.42
28.63
86.10
89.98
113.7
74.37
50.58
21.11
49.80
28.60
104.6
105.8
125.4
114.0
109.5
47.94
90.98
21.13
22.90
121.7
94.22
101.9
54.87
41.54
39.44
38.06
36.41
44.92
28.25
105.5
77.44
71.58
40.90
158.7
99.29
22.16
31.18
162.8
88.94
142.5
38.10
110.9
111.6
63.86
101.2
72.55
27.82
23.56
102.4
25.72
26.92
52.41
30.45
29.88
21.36
66.47
155.1
124.7
71.91
118.3
91.04
25.61
114.8
29.53
26.76
98.35
49.90
29.77
53.71
21.39
22.50
21.13
88.89
95.14
95.60
33.95
83.16
86.93
129.0
125.8
90.36
47.30
97.30
22.44
20.31
162.7
62.81
64.32
73.59
25.71
89.53
27.69
108.5
91.68
102.1
25.53
64.89
68.92
131.2
65.30
104.6
29.27
146.3
152.7
108.0
124.2
101.5
105.3
23.45
20.19
46.44
38.75
21.47
34.89
129.6
81.81
21.21
104.5
49.78
59.25
114.4
29.55
26.09
20.52
53.19
22.06
82.71
20.90
29.77
115.5
46.62
80.50
109.3
34.54
76.33
75.97
46.71
59.65
93.64
37.45
22.59
65.74
43.79
24.23
106.7
22.25
23.84
62.91
86.11
110.7
103.0
115.3
132.8
28.49
26.75
130.4
24.90
46.28
99.76
119.5
64.73
21.70
34.13
55.09
109.9
78.17
121.0
131.2
111.6
25.29
73.19
21.36
50.08
96.78
37.05
94.90
47.41
98.33
21.92
110.7
117.2
75.29
118.6
39.54
23.15
99.70
96.10
23.02
96.44
83.03
35.81
42.06
125.1
67.37
26.01
115.9
132.0
33.94
28.90
92.00
41.41
52.06
25.48
29.18
25.09
191.9
24.55
92.93
117.5
67.19
191.9
139.2
22.82
81.70
33.29
102.0
112.3
65.67
21.69
39.23
42.01
102.6
58.50
92.03
21.66
75.85
147.6
30.18
30.24
30.77
91.53
95.66
42.31
28.36
86.07
47.21
33.61
110.6
117.7
155.4
37.58
22.44
46.37
47.31
23.91
42.63
51.58
120.6
22.58
50.76
96.16
114.5
125.5
145.2
121.2
92.40
98.71
177.1
86.22
69.06
32.12
25.62
120.6
28.87
44.23
85.24
93.93
86.39
66.51
28.54
155.6
24.59
81.97
27.26
49.83
100.9
33.04
28.11
25.02
103.3
26.48
66.84
99.55
70.83
27.93
39.50
169.8
76.34
21.78
89.17
29.81
48.03
106.5
32.02
91.79
33.79
26.88
127.7
110.7
73.27
137.3
77.83
107.4
42.21
45.89
91.12
93.32
113.2
117.8
100.9
108.7
25.98
24.31
49.32
73.66
23.52
22.09
71.22
29.53
55.48
108.6
70.76
95.23
101.8
57.28
27.25
121.2
39.93
86.93
28.83
27.46
151.0
21.12
23.68
21.01
171.4
128.0
28.85
24.05
50.05
32.30
181.6
87.07
22.34
101.3
73.51
163.8
84.21
102.5
145.4
28.47
127.2
33.35
24.33
22.68
78.70
31.47
21.89
29.21
21.53
102.1
90.44
26.03
59.23
110.1
36.11
133.4
34.69
23.01
103.2
31.98
46.88
69.45
29.58
100.4
44.30
82.65
30.20
22.81
24.30
34.95
136.8
23.24
101.0
133.5
20.43
100.7
40.14
108.5
32.02
107.7
34.40
87.85
87.77
31.32
105.5
95.80
34.62
90.24
31.19
31.91
63.79
111.8
103.5
65.84
93.38
46.93
27.40
20.15
27.08
120.8
105.1
25.42
21.74
59.27
137.3
22.35
31.98
40.80
38.67
99.14
30.79
131.3
124.0
23.94
27.82
92.85
20.88
90.66
118.5
37.67
21.95
45.96
24.99
61.24
27.07
64.65
101.6
30.59
91.50
60.60
27.35
84.47
146.2
36.76
124.5
163.2
127.6
25.62
23.29
48.64
52.43
25.68
24.12
48.60
104.2
115.3
81.58
21.23
106.3
51.36
22.23
57.68
131.0
138.7
27.63
24.33
76.03
81.96
93.32
49.58
112.8
125.3
118.5
22.21
62.41
68.70
25.62
37.35
87.76
93.01
134.3
67.98
30.86
26.49
89.84
70.14
70.01
130.5
50.05
61.65
86.52
111.0
24.07
21.95
92.33
39.87
33.38
43.76
115.3
91.96
97.51
48.59
96.41
27.99
20.17
106.5
83.05
91.86
25.15
86.80
120.8
81.05
146.2
68.57
84.51
94.07
133.7
22.14
118.7
78.64
106.7
102.7
20.92
162.4
46.62
45.10
114.1
35.81
72.82
99.31
22.84
94.31
25.15
25.01
30.56
182.7
21.50
29.73
43.80
109.8
53.27
89.54
27.78
55.25
127.0
42.41
45.84
24.15
20.33
91.57
119.9
155.8
87.67
128.4
39.41
102.9
35.85
128.0
127.5
102.3
96.03
20.78
128.6
65.99
71.22
21.35
89.55
29.99
51.07
30.04
35.04
117.4
30.64
94.93
118.2
27.53
110.5
22.19
113.7
164.7
41.36
33.06
34.22
90.15
33.77
63.17
108.7
31.22
41.83
37.82
135.4
145.4
51.91
27.96
75.26
35.30
23.48
79.97
97.10
93.52
78.02
113.8
89.87
89.40
111.4
33.55
45.75
69.49
81.07
93.64
40.21
144.6
21.50
26.82
90.44
110.4
186.0
53.94
55.53
87.68
54.69
128.1
74.59
22.20
38.74
85.56
131.7
29.71
128.5
79.91
87.77
22.16
20.90
95.96
103.2
164.9
123.0
55.60
32.59
77.47
21.22
106.3
65.36
47.47
24.09
90.65
75.75
132.2
23.37
42.87
117.8
31.34
101.3
59.73
61.31
22.53
84.43
30.65
97.44
39.91
104.6
41.40
70.79
29.36
38.42
91.19
94.97
22.76
34.41
29.54
92.41
33.93
130.4
72.11
35.87
116.3
31.26
22.62
101.7
29.76
79.19
34.27
39.31
71.71
109.7
23.87
103.2
126.7
83.51
42.03
47.62
28.58
66.38
21.11
60.73
64.27
43.39
22.25
35.75
22.95
24.66
21.75
57.63
56.33
24.35
79.03
30.81
115.7
21.57
97.83
49.28
44.72
77.73
22.29
136.6
151.1
117.8
57.36
99.07
53.73
107.4
87.29
35.30
32.09
60.88
113.8
21.12
95.38
147.0
71.39
139.3
99.60
56.89
151.5
102.9
59.08
80.13
37.28
116.5
137.3
108.3
63.66
44.57
39.92
94.38
88.87
62.60
88.74
26.84
91.51
84.80
21.77
41.90
175.1
116.8
33.27
86.94
105.2
57.79
39.91
20.63
129.4
67.48
86.33
160.4
57.73
45.60
96.86
28.59
140.9
37.22
31.40
35.00
58.71
103.7
27.08
107.8
28.01
96.77
120.2
41.93
35.67
110.4
41.17
137.9
110.0
36.39
24.76
46.62
100.3
88.93
27.17
130.5
20.86
139.4
111.5
97.64
39.73
114.0
36.88
93.12
119.0
22.51
94.53
125.3
40.02
65.51
113.7
119.0
107.6
22.39
44.53
69.03
95.97
102.2
54.04
42.06
94.13
125.3
20.73
117.5
87.23
36.86
157.0
123.8
140.3
140.5
61.49
28.61
92.02
35.38
73.89
26.18
64.81
112.3
90.84
55.97
30.48
82.73
29.42
30.23
20.76
45.13
20.67
82.57
100.7
104.3
27.89
155.8
35.71
22.85
89.39
77.18
114.5
25.31
122.5
59.94
24.02
140.2
32.97
69.23
61.34
29.38
101.4
96.32
94.52
100.3
85.18
89.95
84.68
21.86
81.77
78.43
38.80
44.49
97.79
73.52
77.81
116.6
21.27
45.40
88.15
22.17
83.77
27.18
20.92
38.81
72.22
102.3
24.51
22.22
39.67
93.43
31.70
67.99
122.7
95.71
30.87
57.49
100.8
117.6
111.5
32.77
152.9
21.72
147.6
23.90
33.23
111.0
63.37
70.24
22.45
56.93
117.6
103.3
93.57
38.09
27.08
42.38
45.05
27.31
28.25
29.46
112.1
132.5
90.53
21.80
23.01
59.34
38.81
37.39
136.9
113.5
24.51
84.20
57.07
33.15
29.98
46.04
104.7
103.6
168.0
34.45
74.54
103.5
23.39
39.05
24.72
22.88
40.37
125.4
88.27
21.22
108.5
73.50
117.0
77.31
42.71
90.64
103.7
29.53
20.23
20.88
103.7
102.3
23.84
44.24
83.79
20.29
134.5
35.18
76.57
131.6
84.74
39.98
71.47
88.06
97.83
31.22
171.9
21.84
27.84
32.99
91.80
38.35
29.72
29.83
102.4
101.3
73.98
100.4
22.49
88.52
119.0
74.55
27.22
89.45
28.96
47.95
32.42
27.00
63.72
38.19
35.57
27.94
53.13
34.65
33.74
31.70
27.77
71.07
51.60
27.11
33.06
20.64
40.67
69.54
35.59
30.80
23.76
80.66
29.50
52.65
50.66
96.70
26.21
53.61
37.44
22.58
31.93
41.75
29.72
24.64
46.62
56.18
32.42
39.38
62.83
47.50
53.69
24.24
39.64
33.89
26.49
36.77
21.02
28.62
29.60
21.17
20.30
32.27
26.40
37.96
54.71
22.84
57.58
25.55
27.52
29.11
26.14
30.86
20.87
38.46
31.46
37.90
21.49
32.02
21.81
24.61
28.66
24.90
58.93
41.15
26.37
33.36
22.80
44.63
37.27
39.74
22.10
31.18
33.42
26.22
23.74
20.07
31.92
29.94
31.46
23.19
24.50
22.40
20.05
24.77
40.08
37.95
20.53
21.43
28.56
32.19
33.87
41.77
42.62
54.87
43.22
35.92
29.95
21.51
50.07
33.95
23.80
49.86
27.70
29.98
75.89
22.56
42.25
27.16
41.37
24.57
26.75
32.38
20.81
28.01
29.09
24.43
37.57
22.92
21.18
48.29
37.30
25.15
36.76
47.30
25.95
21.28
39.73
29.77
22.12
22.01
41.54
28.29
42.75
27.46
31.02
46.52
27.72
44.44
28.01
21.44
20.92
30.97
22.11
22.96
28.78
39.19
33.86
38.03
58.54
30.43
21.88
25.29
24.73
47.64
35.47
22.48
20.55
39.08
20.91
37.39
21.64
50.16
38.94
31.04
31.22
22.26
24.38
25.83
32.89
26.88
25.35
20.51
20.66
20.60
21.89
33.85
23.60
32.11
21.39
22.15
33.37
45.02
48.71
28.88
27.03
34.35
26.48
22.39
20.90
23.25
22.14
27.97
32.16
23.52
21.23
24.77
34.59
36.28
31.38
27.39
35.29
32.67
36.19
29.54
23.26
46.58
41.80
25.29
46.85
25.22
25.42
24.99
21.70
21.90
22.14
34.29
27.39
29.94
25.13
29.12
22.82
38.55
22.33
23.38
25.32
22.99
31.25
27.87
23.96
27.30
26.96
32.08
32.70
22.50
24.55
20.68
21.68
23.13
20.51
27.04
35.03
27.22
57.39
35.71
37.59
30.09
29.32
22.81
30.08
25.51
23.78
36.21
22.99
32.44
22.96
21.49
27.39
28.62
28.01
26.07
25.26
20.16
24.08
28.16
31.74
21.48
27.71
26.86
21.27
31.94
30.97
33.64
83.53
29.37
22.10
21.39
21.42
28.51
26.13
43.65
22.38
20.25
36.70
20.73
35.51
49.53
22.69
21.64
39.78
21.05
21.13
29.09
22.67
27.73
20.36
26.64
20.87
20.91
30.10
28.10
25.52
24.64
26.63
33.60
31.89
27.63
26.97
28.43
37.96
21.69
25.79
22.62
20.75
29.54
26.67
25.09
28.38
23.03
20.27
33.93
39.77
32.83
30.17
32.75
26.63
23.38
25.65
21.08
31.58
37.06
20.63
20.90
30.39
20.08
28.50
23.43
25.44
36.66
21.22
23.84
24.96
20.80
25.09
34.48
25.25
32.79
30.38
23.75
21.45
29.87
34.95
21.56
22.29
25.55
21.57
20.57
45.57
37.84
31.18
22.54
37.06
21.23
26.58
25.97
24.89
21.83
20.89
20.75
22.03
20.51
20.05
28.87
20.61
20.30
20.80
20.85
26.28
23.95
30.59
23.43
24.17
20.92
29.21
29.21
20.07
23.96
30.17
24.83
30.78
44.96
20.48
22.87
29.01
27.88
26.13
20.55
30.07
31.51
23.05
24.65
23.13
27.98
28.92
36.70
20.27
20.95
26.59
22.46
29.31
22.18
22.89
41.35
23.95
44.04
20.14
28.28
20.16
22.31
20.54
21.68
26.59
20.19
23.30
29.00
20.37
21.24
27.56
24.02
34.83
24.25
20.43
25.78
22.61
22.53
24.70
31.51
23.00
21.20
21.13
23.14
31.11
27.05
40.49
29.00
20.44
32.51
23.77
23.69
34.08
20.86
20.65
23.67
54.68
33.18
26.44
21.12
21.80
22.07
24.79
26.81
23.63
23.20
31.80
27.54
20.79
24.10
20.50
20.91
20.47
21.99
36.81
24.72
21.28
37.50
20.51
21.87
35.47
21.69
20.41
26.28
28.90
22.90
23.56
30.85
29.57
23.53
21.31
20.66
32.16
20.73
22.29
28.61
21.63
38.17
20.20
22.98
110.8
32.27
35.92
124.4
75.26
62.26
119.3
77.60
116.7
23.59
44.78
33.09
121.5
31.06
39.13
110.0
35.00
110.4
22.33
35.53
27.43
21.26
23.07
165.3
24.99
20.74
22.01
22.29
91.28
31.44
91.73
26.73
90.06
91.98
41.60
101.2
83.14
91.23
108.8
33.57
24.92
26.46
84.10
22.75
164.2
32.47
33.16
70.28
38.91
88.72
45.58
20.74
21.76
40.28
70.07
92.31
23.86
40.99
22.02
147.0
27.21
34.90
110.8
21.77
121.3
31.24
42.56
139.3
36.36
139.8
45.74
67.87
85.83
143.0
31.18
117.5
27.76
82.35
36.25
62.85
103.9
37.56
137.7
57.02
119.3
20.90
95.90
74.16
103.0
76.92
49.92
90.94
97.14
69.82
23.59
24.61
21.22
106.1
108.7
67.00
72.44
107.4
22.65
27.65
64.85
22.96
165.2
116.8
39.08
156.2
38.23
63.04
127.9
23.60
45.34
142.1
103.9
26.98
46.49
27.04
116.9
91.53
30.05
68.20
83.52
28.87
49.24
108.4
40.13
91.75
82.83
114.2
112.9
106.1
157.7
99.03
45.73
48.74
135.0
41.47
32.46
27.27
144.9
141.1
32.12
96.25
29.29
47.05
95.24
100.9
100.9
104.9
20.81
29.38
32.46
41.16
66.07
23.26
69.37
101.5
54.14
81.37
150.7
117.1
59.56
124.1
84.90
22.49
84.49
165.0
52.40
22.77
81.78
67.12
25.19
60.83
54.66
100.9
123.7
87.17
72.98
36.48
136.1
25.22
123.5
105.6
62.91
26.68
78.38
103.6
22.08
88.61
43.19
38.88
21.52
50.85
28.69
120.1
88.56
130.1
130.5
58.03
129.9
84.61
95.18
136.9
29.03
84.11
93.72
99.47
112.0
90.94
53.58
73.11
142.7
23.20
179.2
23.94
51.19
20.59
101.0
141.8
150.0
41.27
48.82
54.43
20.88
95.86
22.35
20.34
121.3
114.9
60.23
25.34
36.13
22.14
75.99
70.97
116.8
35.24
73.04
25.87
120.0
20.17
20.60
22.57
25.88
21.18
22.69
116.6
109.9
27.60
145.5
22.27
29.61
93.11
95.84
96.07
108.2
87.55
96.25
42.43
120.7
47.28
24.55
53.15
105.5
104.2
61.76
114.0
141.7
143.5
28.79
138.2
110.2
115.6
97.06
77.92
94.40
27.13
28.90
24.42
31.43
28.90
103.2
118.6
52.47
22.91
101.1
92.58
150.4
30.67
34.13
101.4
148.9
38.88
29.08
31.75
22.04
101.1
60.74
42.61
89.98
39.26
105.2
140.6
102.7
90.22
88.93
24.35
121.8
57.81
162.4
131.6
87.47
29.13
65.94
93.50
35.81
85.80
65.08
53.43
21.84
21.32
111.9
32.44
20.92
32.60
26.90
85.31
85.88
106.4
50.48
84.64
146.5
42.56
98.26
89.39
97.47
91.29
72.48
80.84
122.6
47.11
32.78
112.7
87.15
45.39
164.5
20.05
70.04
51.57
95.16
46.70
48.17
96.20
54.49
59.90
107.1
115.1
21.96
106.9
106.3
43.20
23.72
133.0
47.42
140.2
71.88
155.5
97.59
65.37
111.0
127.8
63.99
47.44
33.68
32.60
53.07
37.84
112.8
26.76
67.19
57.19
54.19
36.03
85.98
20.80
87.35
25.70
105.5
49.26
79.04
61.01
24.48
50.67
20.21
103.6
24.87
92.10
64.87
113.3
92.20
140.8
141.1
37.57
77.99
73.33
120.3
61.29
26.73
57.78
22.63
97.31
26.86
86.30
56.29
119.4
95.94
115.3
54.72
21.94
85.04
76.48
106.5
113.4
20.20
94.78
23.88
116.9
109.5
90.88
89.96
78.41
49.14
116.2
24.51
20.77
140.7
29.40
58.69
37.38
22.45
28.26
53.10
154.2
115.5
29.88
90.53
101.8
91.67
88.56
26.14
37.54
67.08
133.7
38.09
25.20
55.81
37.35
78.18
143.5
107.3
100.9
154.9
49.92
53.69
183.9
81.09
99.51
28.85
46.82
25.27
22.11
22.05
45.77
96.17
45.36
98.33
80.65
22.93
105.8
26.45
105.0
52.04
23.03
111.8
153.3
21.69
30.08
103.0
71.51
68.38
75.15
65.76
122.4
32.88
131.3
80.26
36.06
133.8
118.6
30.21
23.06
113.3
103.4
29.59
120.4
112.2
41.59
103.7
76.22
94.82
21.34
106.6
128.0
25.97
38.14
120.4
84.80
133.7
121.3
59.26
92.79
72.93
114.9
97.46
110.0
32.39
39.34
25.54
128.0
27.48
26.53
136.5
128.2
70.70
21.64
145.7
20.49
108.5
131.9
27.91
76.69
95.59
163.3
22.10
151.6
42.29
137.8
29.41
26.97
99.97
121.2
31.65
112.3
129.1
30.46
105.5
128.2
79.82
66.37
99.71
41.07
96.05
35.01
48.77
22.70
94.95
58.43
107.8
42.58
36.18
22.02
28.67
88.85
126.3
116.3
122.2
67.22
25.05
86.34
91.77
94.88
42.06
41.52
102.3
39.79
113.2
130.2
94.76
64.00
54.07
29.72
84.29
71.63
83.24
114.5
80.74
116.0
98.98
72.28
50.54
30.82
102.4
102.0
119.6
95.23
120.3
94.63
61.80
101.0
154.6
30.77
107.7
21.17
43.00
100.3
43.70
130.6
76.17
32.38
95.31
32.25
31.02
35.65
32.18
100.6
134.6
42.19
58.98
48.15
35.77
33.93
33.14
157.8
91.50
20.49
80.43
174.9
133.2
54.60
43.20
22.03
29.84
73.28
119.3
120.9
28.89
90.03
32.24
81.58
67.80
81.39
38.18
24.88
57.55
162.1
25.39
53.19
185.2
69.23
29.21
95.36
39.42
111.3
25.70
26.62
46.30
22.28
26.07
27.88
41.69
115.2
23.37
48.96
149.5
43.15
72.30
30.17
72.70
29.98
136.2
31.85
31.05
24.90
160.3
74.15
105.4
95.98
79.92
129.8
75.72
57.16
100.2
179.6
64.12
45.58
32.55
128.8
42.23
20.55
112.4
38.39
27.64
122.0
130.3
103.2
22.70
27.59
142.0
142.7
43.36
122.7
107.9
77.93
117.7
31.15
65.80
92.63
84.67
38.29
25.88
160.3
110.0
86.26
26.14
20.43
26.10
22.13
32.15
89.70
129.8
75.77
29.51
137.2
134.8
39.21
20.97
23.28
93.73
35.60
44.56
99.30
82.17
143.0
73.59
34.02
26.67
86.51
53.97
96.58
125.6
79.93
81.64
139.7
24.95
112.4
77.60
57.18
101.1
100.9
54.51
20.32
73.40
101.6
24.24
40.27
108.5
31.65
42.13
98.38
34.36
23.85
31.20
27.72
107.0
63.55
30.82
39.71
34.81
86.35
20.39
120.6
25.44
133.7
85.87
21.46
21.59
20.56
21.08
29.20
43.73
32.26
83.32
109.5
28.31
50.96
49.33
24.46
63.29
20.91
37.46
55.31
100.4
59.71
68.58
21.82
116.9
114.8
21.35
48.59
136.2
23.80
52.84
84.40
49.21
126.3
121.8
26.75
80.99
30.96
80.83
43.63
61.78
95.53
20.44
98.04
23.50
31.34
30.43
22.00
118.7
84.55
29.87
28.30
25.16
34.53
45.05
73.62
107.4
24.46
53.62
23.73
70.08
82.51
67.91
60.97
43.39
30.01
63.72
42.85
78.79
108.1
43.41
27.71
76.35
43.99
20.94
136.9
33.41
21.85
21.97
92.12
99.15
66.38
33.06
48.86
22.24
21.08
140.0
84.24
20.52
140.2
141.8
112.5
28.32
48.49
21.43
149.9
29.65
116.0
43.89
37.35
24.60
24.90
46.10
112.7
28.01
109.0
32.14
35.76
77.29
51.30
30.63
98.46
21.55
101.7
86.91
31.52
67.61
24.46
82.40
100.6
87.05
35.43
141.9
20.41
147.2
92.18
25.51
89.53
40.36
21.90
46.47
21.34
77.29
137.8
20.35
138.2
144.0
105.4
109.5
98.21
33.69
102.0
75.64
31.91
92.18
56.52
84.04
133.5
115.9
36.82
24.14
108.2
25.98
184.3
78.37
28.20
65.20
25.40
63.36
22.36
111.5
30.46
104.2
30.53
121.2
98.13
32.90
75.06
30.04
22.23
71.25
88.91
152.0
168.9
49.29
63.34
21.69
46.45
28.57
79.43
123.9
105.9
76.99
24.49
100.5
101.2
128.0
43.16
57.66
25.58
23.47
23.87
47.76
95.78
143.9
77.20
99.74
123.2
61.28
27.01
122.9
50.46
78.96
123.1
114.9
24.68
80.58
97.34
64.36
120.6
91.27
90.25
22.48
87.62
110.2
54.52
89.29
123.5
111.3
108.5
136.6
90.41
75.96
21.54
20.56
78.66
75.11
24.46
58.56
70.98
96.63
45.95
30.29
35.96
67.47
43.95
35.80
127.1
73.40
50.75
21.82
144.9
22.07
91.20
72.29
30.68
23.70
28.96
25.46
33.77
49.26
71.32
76.83
56.65
32.23
76.51
96.02
49.48
38.29
130.9
24.88
76.65
81.05
40.63
102.6
71.20
22.22
20.91
21.99
54.53
48.39
27.45
23.02
21.98
148.4
31.61
48.66
134.9
98.97
27.38
52.76
28.46
35.71
48.43
38.09
94.07
41.93
100.2
28.43
108.7
86.05
92.58
21.69
143.5
63.10
43.04
149.6
25.51
114.6
118.0
31.70
116.6
105.7
86.08
69.55
35.64
77.69
70.20
95.78
30.84
42.30
101.5
77.73
22.49
150.9
35.54
29.16
37.23
64.29
25.76
37.86
69.82
124.6
23.35
83.18
123.3
36.72
45.28
28.35
143.0
114.6
43.44
31.92
47.65
118.6
54.52
114.5
138.6
53.40
73.62
22.82
106.7
34.11
111.0
21.92
108.6
131.1
26.45
98.50
97.98
24.84
39.81
24.69
107.3
94.18
86.23
79.97
143.8
47.74
97.61
33.13
26.14
93.06
20.95
90.51
105.3
26.32
53.17
68.29
114.3
21.35
24.30
82.18
25.93
23.18
87.02
120.1
51.02
106.9
30.21
45.65
23.07
33.35
25.38
75.04
37.65
88.26
22.82
88.09
120.8
130.4
21.38
22.65
20.90
22.86
45.45
96.34
22.96
86.72
92.82
22.67
89.25
79.05
28.41
67.90
25.98
66.93
94.40
75.64
92.85
155.3
109.5
43.79
130.8
166.0
126.1
33.31
78.99
94.00
42.87
24.58
44.28
95.16
34.95
115.6
37.95
30.34
83.08
22.74
129.0
166.1
143.4
27.17
78.96
24.61
141.2
25.31
33.03
55.34
43.63
26.87
89.39
31.04
33.97
27.70
97.96
182.8
124.2
83.06
61.62
33.47
69.12
98.31
114.6
68.77
115.1
37.18
29.68
44.82
117.9
29.59
49.00
48.08
27.37
81.57
25.89
82.20
34.67
89.60
30.80
32.14
57.79
22.57
76.82
75.70
97.41
100.6
87.90
59.65
27.27
26.93
101.1
48.49
121.2
91.10
105.4
102.3
34.39
36.72
121.1
114.0
77.21
22.37
29.53
62.25
30.59
65.96
77.88
22.03
88.31
85.29
119.5
151.5
39.04
143.1
155.5
88.17
69.28
148.5
115.1
88.60
98.10
21.49
123.1
33.48
148.7
21.84
24.02
126.2
143.5
27.66
89.74
22.26
40.78
65.83
136.1
116.7
36.98
132.9
95.96
26.66
29.37
23.04
21.62
107.9
144.7
21.93
84.40
98.88
24.40
49.49
177.5
39.91
135.5
93.43
22.18
134.7
129.3
135.3
77.55
49.23
147.7
24.20
42.47
38.96
35.93
91.82
104.3
65.94
62.22
163.9
129.7
35.79
30.78
69.47
93.87
54.66
106.1
96.22
111.5
66.47
24.49
129.2
20.36
22.10
94.81
22.69
122.5
75.03
113.0
149.3
36.37
27.73
93.44
23.63
59.81
24.43
89.15
25.47
67.74
37.63
123.3
56.76
23.72
34.00
39.48
85.46
29.10
83.52
35.28
101.0
41.83
41.98
21.61
37.72
31.42
107.1
50.44
69.61
23.58
135.1
77.46
31.90
102.7
106.5
156.8
26.20
76.65
96.54
39.31
90.92
75.78
26.80
105.3
26.62
44.88
44.06
30.28
145.1
43.06
57.59
110.0
20.73
39.23
33.09
59.11
21.00
151.3
113.7
63.23
149.4
57.95
23.32
24.40
94.71
20.57
101.7
102.0
109.6
101.4
22.86
33.89
29.14
47.52
117.5
21.13
56.96
24.95
34.20
33.66
29.31
139.2
30.30
23.31
153.2
22.91
48.77
95.13
102.6
24.00
21.10
91.49
156.2
50.52
94.24
42.90
96.91
38.74
46.74
21.58
28.72
29.75
103.4
92.24
44.01
34.81
158.8
116.9
23.67
36.69
35.43
79.36
40.79
31.14
117.8
145.9
146.0
24.96
90.84
20.26
58.05
21.87
57.70
39.22
29.56
107.1
23.48
52.35
31.57
39.65
74.62
80.45
122.5
150.5
99.25
27.63
96.01
23.22
72.68
21.33
22.11
29.99
41.68
121.5
76.93
80.71
87.07
102.0
143.6
38.57
63.71
95.97
91.65
43.34
52.98
125.0
90.56
85.95
83.34
34.10
59.20
27.53
23.66
45.14
28.02
173.2
90.05
28.24
20.89
108.6
125.1
29.62
108.9
47.91
147.0
68.25
29.76
66.87
41.27
22.79
101.9
22.08
22.78
89.22
25.87
105.4
104.2
94.94
43.46
36.23
34.40
43.98
164.6
46.10
97.90
21.14
26.40
91.88
166.0
45.09
132.0
113.5
96.68
29.61
61.82
46.10
20.44
111.7
84.34
110.8
69.33
139.4
87.83
106.5
111.4
98.99
45.25
122.4
97.73
20.60
93.31
105.4
23.58
38.66
82.75
27.45
43.07
47.17
34.09
115.0
37.01
23.79
129.1
22.22
29.67
22.42
89.65
134.1
171.3
42.53
20.78
83.66
70.33
84.82
95.21
26.48
106.7
73.15
114.8
32.65
48.48
100.8
58.50
109.4
23.47
22.53
35.38
88.73
23.86
109.8
127.4
47.83
69.26
95.14
31.37
73.51
85.20
40.66
89.31
120.8
33.95
76.71
141.5
156.2
117.6
34.18
114.0
27.44
52.77
147.4
69.40
50.30
30.67
143.7
113.1
136.6
25.51
20.92
93.13
43.39
41.53
43.53
109.0
50.30
100.6
104.6
154.8
45.42
22.85
75.15
41.59
34.18
50.49
40.39
47.28
103.7
25.83
131.5
127.9
129.0
91.51
34.73
31.60
97.92
44.91
159.2
83.95
44.38
116.3
57.76
27.31
103.0
108.5
45.63
37.02
118.4
97.44
123.0
146.4
25.25
162.3
86.72
27.79
24.43
53.36
46.62
113.0
75.31
81.50
80.50
92.72
35.01
72.22
35.59
105.3
87.44
27.59
105.5
26.29
54.03
99.57
101.7
143.9
91.66
126.8
62.05
33.67
131.1
46.26
138.6
40.48
98.56
56.64
119.6
41.39
117.4
88.75
132.6
79.86
30.43
32.65
85.51
41.67
94.36
31.15
81.51
100.1
30.80
86.79
95.25
23.45
31.18
108.9
98.39
91.87
31.66
49.34
76.96
26.96
25.99
23.98
80.06
96.40
26.26
52.82
84.53
69.44
23.98
33.40
20.62
74.32
40.99
101.3
92.81
152.9
88.57
46.44
22.07
24.90
41.74
104.6
100.5
38.23
59.78
76.36
48.60
130.8
34.01
23.29
143.6
21.81
105.2
106.0
87.76
101.7
60.26
97.44
118.0
25.65
88.47
20.60
20.76
104.1
23.51
84.68
158.4
79.94
104.8
97.28
39.07
67.29
45.88
50.10
23.72
87.60
44.00
20.31
21.43
31.36
24.08
116.3
125.8
21.41
136.2
84.22
21.14
134.4
24.66
32.23
21.61
54.88
22.07
86.94
39.77
41.93
68.04
63.65
116.8
25.09
143.9
86.53
23.01
70.49
64.91
69.37
109.6
30.37
20.72
69.59
73.65
23.98
130.7
33.60
48.46
21.62
43.38
39.23
56.26
59.93
73.50
23.33
54.78
54.11
99.14
107.1
49.70
99.61
156.2
22.63
158.6
120.9
24.03
23.09
20.51
73.15
71.21
118.2
21.28
22.25
58.44
83.72
46.65
29.65
96.31
39.36
34.37
95.78
145.3
106.7
52.08
83.06
109.2
136.5
58.16
27.87
70.42
83.97
39.63
39.76
23.17
94.01
22.05
25.13
59.65
163.6
86.40
39.94
60.71
106.0
87.73
47.32
77.81
110.6
141.3
33.71
158.5
88.03
48.24
34.10
45.65
90.31
24.57
118.6
32.50
92.89
57.81
39.71
132.9
34.20
143.3
116.6
22.14
75.63
36.57
28.68
188.7
51.08
73.64
50.03
128.5
109.6
80.27
31.78
106.7
85.56
93.23
51.70
26.71
102.3
107.1
173.7
30.64
44.17
110.0
52.21
81.68
90.80
40.27
29.68
45.30
47.89
114.8
25.55
80.34
29.73
47.59
55.79
141.5
32.61
39.77
97.66
20.19
47.59
87.88
96.71
21.14
79.75
24.76
104.9
95.30
39.28
44.65
22.08
59.67
110.8
108.4
52.36
106.5
64.62
113.7
78.04
124.2
70.07
60.74
115.5
142.1
116.7
123.0
164.2
101.4
94.48
87.18
74.27
124.5
20.51
90.30
89.47
59.94
20.34
20.13
20.36
20.94
89.20
53.91
37.32
73.50
28.56
129.9
103.4
70.80
102.8
38.46
33.82
20.76
20.05
131.0
38.95
95.56
22.50
107.9
22.15
111.2
63.45
133.4
35.97
20.11
59.36
122.3
69.83
74.13
49.43
75.52
149.2
40.18
44.96
90.20
26.07
26.09
21.91
24.00
25.44
23.75
52.77
70.81
24.97
50.11
31.66
90.05
69.66
108.1
41.72
110.8
51.18
104.3
104.2
32.42
29.41
86.69
46.10
29.04
75.01
46.03
122.3
31.44
120.5
64.22
83.86
31.85
104.4
130.4
97.06
73.60
35.67
23.16
52.13
84.95
63.90
23.92
127.2
71.16
101.0
34.36
31.75
20.64
124.2
77.93
22.60
20.52
87.42
118.5
177.9
117.4
25.85
43.90
20.29
161.0
21.70
25.41
29.49
24.40
105.6
91.89
109.8
33.95
38.52
50.66
22.70
21.48
26.19
94.86
93.91
21.83
39.68
87.75
72.51
21.61
41.33
47.39
33.10
91.54
30.19
20.29
98.52
96.98
118.2
46.04
60.67
136.9
38.42
100.7
85.34
22.15
23.22
110.0
114.4
113.0
21.08
104.2
94.08
21.33
71.14
81.54
59.88
97.14
28.04
35.54
56.79
24.00
59.39
98.40
26.31
108.4
24.58
29.80
39.59
128.6
31.83
21.53
119.4
31.73
22.45
25.97
127.5
26.16
56.02
119.3
143.9
21.08
106.9
96.07
126.1
99.13
89.76
114.6
22.44
106.0
57.54
23.64
21.84
155.2
117.7
41.78
60.31
39.28
26.09
42.11
114.7
56.57
29.12
69.50
130.3
67.76
51.60
75.64
113.5
122.4
76.11
88.15
20.07
21.39
138.5
72.82
100.1
120.6
103.1
121.9
125.8
42.67
101.1
125.7
28.44
87.91
83.50
37.03
69.07
48.28
91.39
27.45
23.15
107.8
32.81
96.60
21.29
66.08
52.76
105.3
33.89
40.72
35.19
36.57
95.76
24.23
22.73
21.00
67.50
61.65
27.22
20.93
20.23
61.88
84.93
82.38
93.48
96.15
104.0
40.06
50.02
50.17
53.25
25.53
80.29
121.6
22.11
63.30
32.36
108.1
80.77
143.9
47.85
20.75
109.2
106.7
107.2
20.21
155.5
53.22
39.11
101.3
78.93
113.6
32.38
105.2
108.4
51.29
67.00
35.22
142.8
40.67
20.33
20.72
91.07
114.6
47.13
22.75
132.3
51.52
114.1
93.90
86.29
75.07
115.6
20.60
41.17
32.66
68.02
93.23
108.1
35.28
124.5
23.87
22.42
42.28
112.9
36.15
101.6
42.22
135.7
39.71
43.34
89.95
146.3
110.5
123.7
120.7
77.29
35.75
40.86
25.76
119.7
22.06
133.6
40.00
34.36
71.69
22.56
29.25
30.05
20.81
28.79
35.76
93.35
61.65
101.7
46.98
33.19
20.78
47.38
26.83
125.3
21.77
124.6
177.1
36.87
40.14
116.4
104.6
179.3
26.99
37.14
39.99
40.44
73.53
73.92
105.2
72.79
92.16
20.45
108.4
88.43
118.0
30.75
141.5
28.36
32.06
94.60
130.7
163.2
64.01
40.69
53.89
113.3
111.8
26.57
47.46
95.35
88.99
66.14
40.04
164.2
49.56
94.37
34.73
20.49
22.97
29.72
42.45
52.16
41.97
104.0
39.64
68.95
36.44
122.5
21.58
24.74
35.60
84.76
78.49
72.84
25.41
141.4
90.79
102.0
20.74
25.73
100.9
20.11
115.0
123.3
149.5
33.08
40.71
116.0
189.0
36.95
103.0
26.73
40.50
139.8
104.5
117.0
48.13
71.35
20.49
84.83
95.47
153.5
91.98
50.77
22.07
20.16
109.8
23.63
145.5
34.58
20.19
92.89
22.68
109.7
73.79
90.36
44.35
107.3
29.07
184.7
89.19
84.42
139.0
45.70
130.3
38.10
120.7
48.45
73.17
21.59
25.42
87.14
123.1
85.42
21.81
149.8
76.30
64.24
51.28
26.23
114.1
114.1
177.5
96.21
29.26
54.71
35.09
24.57
23.91
67.21
98.41
34.67
78.03
130.1
29.14
122.9
30.04
26.42
100.9
108.3
88.29
31.92
50.44
52.08
23.88
115.9
39.23
119.1
32.86
81.88
116.0
102.3
106.2
37.92
39.52
138.5
22.55
120.9
28.15
83.24
26.04
81.57
117.3
124.6
94.39
121.9
28.54
21.98
90.33
91.77
99.00
41.13
114.9
104.9
82.85
47.60
34.20
44.92
105.4
31.44
41.46
113.2
87.32
205.0
71.80
103.5
142.4
22.24
65.14
102.7
77.80
35.67
117.5
119.3
148.7
54.17
76.46
112.1
89.50
131.3
25.23
86.85
20.16
63.89
34.82
28.92
149.4
85.72
21.34
24.71
20.56
91.18
25.28
50.28
103.1
22.03
30.70
81.46
76.83
106.6
47.21
129.4
25.56
94.64
21.95
113.8
102.1
113.9
20.95
72.70
29.50
36.46
32.28
87.05
21.77
74.79
36.75
26.62
124.5
28.46
63.98
75.01
89.72
57.89
23.69
90.42
60.34
91.18
63.75
145.4
88.34
64.66
34.29
155.1
89.14
20.79
142.7
26.09
86.33
112.1
68.22
124.9
67.90
104.3
125.7
102.1
122.3
53.73
27.50
41.58
22.34
87.42
152.9
28.97
129.3
101.4
123.2
23.45
36.95
92.51
63.34
31.74
26.76
87.06
33.03
109.3
58.62
102.9
27.19
113.9
38.74
114.3
36.51
134.4
53.05
90.89
96.35
97.27
136.8
105.5
85.17
25.46
167.1
117.2
151.5
97.87
27.00
42.01
67.28
130.2
120.4
99.49
32.00
26.94
28.00
69.74
68.69
132.5
31.34
41.86
47.74
60.46
113.4
24.49
105.2
104.1
111.6
58.69
41.17
118.9
64.50
135.1
125.1
128.8
22.89
85.58
23.46
79.77
42.89
94.09
28.19
44.75
32.44
78.23
99.94
132.4
109.9
29.27
24.30
76.72
112.3
110.7
115.2
81.17
51.97
85.04
20.66
63.85
60.82
56.27
21.67
54.24
55.77
26.17
81.46
20.17
21.76
82.00
55.57
31.41
125.0
39.26
75.12
119.2
59.40
25.01
89.82
99.82
71.16
84.81
122.5
132.9
22.96
32.83
176.2
113.0
35.96
86.95
22.63
20.63
64.42
105.3
30.13
75.98
30.43
145.0
20.20
42.87
127.3
68.76
39.76
72.35
34.81
26.12
113.5
156.5
20.25
98.67
28.86
170.4
22.88
111.6
32.87
104.3
143.7
96.42
25.70
109.8
27.52
46.94
24.73
105.9
129.2
145.3
97.80
112.8
20.82
113.4
40.81
33.98
71.83
96.85
123.4
108.0
90.94
25.33
80.23
140.0
147.4
96.74
35.35
45.42
25.48
103.2
117.3
66.95
49.96
47.63
34.47
21.94
99.66
129.5
25.43
97.74
30.41
23.55
85.55
33.42
53.74
25.56
142.8
110.4
141.3
111.9
53.61
111.3
58.57
31.45
166.1
80.72
88.39
82.15
119.5
101.0
20.24
30.30
150.8
106.3
105.8
165.9
73.68
73.05
126.0
38.43
39.29
91.73
28.01
36.43
21.86
104.5
87.11
26.07
20.19
30.71
36.49
48.02
85.47
120.5
78.68
25.86
37.64
47.59
24.95
67.12
30.76
128.0
107.6
97.13
109.3
93.76
40.57
176.1
96.89
115.3
41.91
101.8
82.84
72.31
132.6
66.17
25.50
108.3
28.51
97.09
33.42
100.8
144.5
105.0
88.45
21.55
52.84
62.69
76.34
105.4
28.69
55.35
35.47
60.40
27.93
93.17
29.02
82.38
20.25
121.4
95.78
93.07
128.6
33.44
34.39
104.9
24.28
41.08
134.2
63.26
117.3
21.22
20.69
108.4
100.8
109.1
37.89
149.3
79.96
31.29
97.10
31.10
27.37
23.77
83.31
31.07
103.7
68.24
25.72
62.89
37.18
78.97
116.9
75.52
46.92
28.74
27.97
96.56
20.59
132.8
84.50
73.63
93.54
84.06
132.7
20.95
138.5
81.36
98.94
137.2
29.67
109.2
61.95
152.4
91.58
24.35
27.41
121.0
92.40
148.4
65.62
114.7
98.98
82.98
119.2
21.12
32.17
64.62
83.83
140.3
33.38
96.27
56.64
117.0
26.05
31.13
41.84
118.5
60.52
44.49
112.9
57.03
20.30
24.29
79.58
115.3
79.58
56.83
27.17
80.08
25.47
35.62
20.31
43.04
21.67
91.91
95.02
42.73
93.93
21.27
160.5
112.4
24.65
38.09
105.7
55.39
44.23
22.44
35.15
31.54
77.48
26.53
36.99
28.02
57.72
30.10
20.35
104.1
93.82
96.12
61.85
121.6
119.7
38.56
83.51
21.95
77.69
91.82
20.48
22.29
142.4
21.32
20.82
20.19
20.37
21.26
97.91
39.54
125.6
21.96
82.14
42.94
43.75
49.00
67.74
87.65
140.7
56.35
96.47
23.06
42.21
42.24
41.65
98.91
112.6
84.79
91.80
27.77
89.42
24.21
28.85
34.68
38.81
31.79
87.46
93.20
99.98
26.52
27.72
112.6
156.5
133.9
122.7
117.6
100.2
103.4
25.20
22.95
120.4
162.7
33.66
76.72
31.40
45.77
88.98
137.1
96.04
84.39
21.86
108.3
121.6
66.49
43.76
83.83
37.99
155.8
128.7
73.95
23.26
89.24
93.86
23.76
35.52
87.14
90.39
24.76
44.91
80.63
50.96
85.79
121.9
92.55
30.76
81.46
87.47
98.90
90.39
89.33
130.4
54.83
102.1
100.2
99.59
24.04
22.31
37.65
20.48
32.78
37.98
87.99
71.41
116.6
103.7
55.50
24.22
43.57
137.5
42.29
93.31
57.26
122.4
117.4
23.42
139.4
20.93
108.5
94.55
149.7
74.04
155.0
48.93
22.53
58.14
48.93
30.52
56.03
44.07
40.17
66.14
44.90
91.34
150.5
112.8
32.12
110.5
21.17
126.9
26.67
52.37
20.50
127.3
69.43
70.12
92.83
101.3
81.64
65.63
131.0
24.60
27.94
64.35
77.63
64.15
75.92
111.2
169.6
26.80
20.63
64.04
75.88
22.90
22.64
25.56
64.73
91.40
93.87
53.46
86.57
130.9
54.60
93.47
22.35
31.41
101.8
27.91
24.85
40.22
138.0
78.91
82.86
25.23
96.79
30.02
92.45
113.4
23.29
88.71
29.80
154.4
20.41
109.7
20.06
70.10
20.79
71.85
98.55
47.52
80.92
117.7
108.6
113.7
26.86
163.4
104.3
34.32
70.86
135.0
71.65
21.78
138.8
55.04
113.4
93.50
38.26
72.30
35.79
90.83
176.4
26.09
49.97
25.69
51.54
21.93
119.0
30.23
83.93
49.44
30.65
138.5
103.1
85.45
28.07
43.52
20.15
95.57
74.11
27.85
35.94
103.9
41.41
23.61
30.53
76.70
90.14
110.9
112.1
153.4
57.02
90.50
21.49
71.75
73.42
110.3
56.25
105.4
84.79
42.39
105.6
83.24
133.3
20.29
55.30
80.84
46.84
112.1
89.20
92.86
97.45
29.27
21.51
26.26
24.72
21.55
124.8
32.91
145.5
48.73
27.18
85.37
83.03
113.4
57.05
91.97
53.81
39.89
73.35
146.3
116.3
153.1
61.13
97.46
109.3
64.05
84.03
37.00
25.09
121.8
45.70
24.04
87.41
63.38
29.52
119.5
42.25
79.51
22.76
35.10
40.46
61.10
51.95
52.60
94.23
46.83
125.8
21.31
44.08
122.7
31.92
90.67
146.9
88.04
89.06
145.4
122.5
82.52
100.5
38.51
24.89
102.7
43.92
81.30
89.53
31.40
33.77
22.20
41.78
79.62
27.15
103.9
24.54
88.88
167.2
21.34
99.42
20.87
23.21
159.5
92.75
122.3
97.51
28.26
28.38
91.29
25.08
46.16
79.82
87.23
24.14
122.1
122.7
81.31
29.79
145.5
137.3
123.6
73.57
117.2
45.33
117.3
148.0
46.18
32.40
26.79
64.15
79.39
73.27
28.62
110.2
109.3
104.4
42.76
22.70
22.14
27.87
100.5
55.76
69.86
91.84
77.10
29.13
39.29
151.6
56.00
118.8
51.43
28.15
45.03
96.26
98.52
30.59
49.86
91.55
30.70
22.25
26.78
24.60
78.22
27.67
21.21
24.58
35.50
115.7
100.5
23.73
54.11
99.19
107.1
39.07
23.76
114.2
86.29
95.38
75.63
86.43
133.6
127.1
20.37
141.4
93.25
51.73
128.2
23.98
22.16
20.93
21.29
21.27
22.41
25.06
23.69
20.72
20.99
21.52
21.87
22.35
22.32
22.82
23.38
27.46
79.94
25.65
118.9
40.38
20.76
126.3
24.65
109.9
33.32
100.1
31.01
125.2
21.24
33.73
41.66
108.4
81.94
20.22
43.26
48.68
41.13
24.75
55.99
33.86
58.98
86.10
22.82
21.44
130.4
25.68
84.13
70.95
26.68
22.40
115.7
29.02
25.49
126.5
84.78
104.4
113.6
137.6
39.15
79.99
127.4
25.32
21.07
162.0
41.33
59.73
140.9
68.59
35.21
85.48
121.1
120.7
103.1
129.9
23.46
20.97
58.99
115.1
81.79
38.57
74.95
21.65
142.4
51.21
96.40
42.21
45.82
72.84
122.4
137.0
99.91
105.1
24.57
37.83
29.33
23.73
124.0
95.74
21.88
81.26
132.9
51.07
47.69
44.51
52.47
105.4
47.67
23.50
123.4
122.9
64.82
39.69
24.04
85.17
46.49
106.2
104.8
32.37
58.70
75.92
36.06
90.07
153.5
41.68
35.43
74.89
88.89
133.1
35.25
22.57
82.67
119.1
48.29
39.00
50.39
47.21
52.87
26.24
45.19
20.18
42.92
102.5
108.3
84.83
21.84
71.19
27.86
104.8
32.26
56.73
109.7
90.39
52.38
50.24
112.9
79.85
22.28
35.23
128.2
135.6
121.8
22.95
156.1
79.08
112.9
93.57
83.53
82.62
121.3
64.10
97.02
98.54
29.89
33.96
90.91
94.29
21.71
48.83
42.08
24.80
94.50
142.7
29.95
152.7
98.26
56.56
35.88
98.37
58.56
28.20
25.03
114.0
74.34
25.55
29.45
74.68
122.8
32.59
128.2
117.8
142.4
21.64
175.0
86.53
21.78
91.84
20.15
79.03
32.77
44.87
131.8
21.87
84.35
53.75
92.41
29.02
118.0
46.34
160.7
63.70
28.91
36.32
138.3
102.3
28.45
159.0
120.2
21.20
87.84
106.8
96.94
107.4
20.76
51.47
99.77
34.21
25.02
82.14
20.23
87.32
86.60
56.09
29.24
64.81
79.34
100.2
128.9
127.2
88.79
20.47
41.31
21.95
20.73
88.25
20.96
59.88
20.92
46.37
65.82
61.01
83.04
92.05
174.8
114.2
89.45
57.70
112.1
95.45
135.1
139.5
94.80
54.74
39.03
21.88
100.2
114.2
21.09
91.86
94.71
20.42
84.10
86.94
86.75
86.92
59.25
45.60
28.54
86.69
167.7
56.24
125.7
124.6
41.11
104.6
103.3
70.74
76.66
101.7
45.61
107.0
27.93
25.76
102.9
28.80
23.08
68.40
78.88
101.6
103.4
95.53
23.73
97.58
146.4
90.16
60.04
33.53
181.0
53.71
28.35
81.82
39.14
139.0
26.92
24.59
101.6
24.57
25.85
106.7
48.03
35.33
122.4
20.91
121.0
62.33
31.50
45.91
100.4
38.30
105.2
27.14
97.74
51.39
32.15
24.62
107.9
145.2
26.24
45.99
98.24
81.19
47.60
20.10
136.1
68.01
29.30
34.56
89.91
96.83
101.7
98.22
151.6
141.9
22.90
58.90
25.82
20.29
32.18
74.89
20.10
21.36
42.86
109.0
26.16
92.81
33.75
63.78
102.2
30.91
22.33
80.98
36.64
153.9
88.47
26.69
68.56
47.30
24.95
36.81
97.77
73.90
124.4
120.8
62.90
84.92
80.43
22.92
105.5
77.92
103.5
101.9
92.18
23.67
46.52
70.78
37.30
47.70
22.60
25.58
50.66
137.6
86.89
28.31
35.81
46.95
88.18
36.08
28.01
22.36
21.28
37.97
97.09
24.07
170.4
127.2
42.23
147.8
31.16
60.84
45.51
98.30
27.86
91.84
220.7
39.93
102.4
22.77
77.09
72.07
81.72
148.9
23.02
20.46
136.5
24.41
22.08
27.12
87.83
40.26
74.61
43.24
42.12
65.46
101.5
70.71
57.97
115.7
90.53
31.34
80.48
53.66
20.69
28.20
91.52
104.0
125.6
39.66
54.16
105.6
91.57
20.13
22.24
146.3
22.97
105.8
66.76
43.53
46.96
90.97
33.83
22.88
27.23
73.58
30.66
36.01
118.1
44.93
106.3
146.7
26.60
49.90
49.22
115.2
100.4
49.22
48.87
113.9
142.2
82.64
127.7
56.39
45.62
94.89
134.7
25.83
34.07
21.45
28.26
78.46
24.95
51.93
60.00
94.84
27.29
142.6
37.30
28.26
99.66
25.41
87.13
44.64
27.41
60.41
96.36
111.6
52.18
99.13
22.10
126.6
33.80
25.88
26.11
35.80
41.57
137.8
92.35
22.39
96.48
100.0
88.58
69.97
41.19
58.14
37.15
116.6
101.0
33.84
160.0
102.6
128.0
21.39
153.2
112.7
21.45
90.39
25.47
37.94
117.7
23.75
127.1
45.61
36.03
37.49
20.66
25.21
107.3
43.90
35.13
64.47
44.01
87.28
38.30
105.3
21.08
65.74
98.63
78.21
44.63
28.41
119.1
116.2
21.10
36.38
66.89
82.63
37.40
88.91
22.60
122.8
28.54
133.2
78.04
102.7
80.64
97.25
34.40
88.46
32.55
113.7
25.38
35.07
107.9
25.47
120.9
112.4
45.21
120.3
40.74
133.1
24.35
27.70
78.76
28.87
27.90
66.53
58.22
92.15
77.80
68.20
31.09
21.81
20.26
80.29
22.05
90.30
105.6
100.1
149.6
64.68
26.87
39.50
95.77
84.74
37.54
100.4
56.14
27.07
99.34
25.36
22.29
102.1
51.08
22.17
92.99
142.7
49.59
36.71
127.5
117.5
94.23
80.82
123.9
87.02
39.43
29.40
81.65
156.4
81.55
115.3
21.56
91.05
116.1
121.9
29.99
33.47
27.48
31.36
70.82
109.8
30.55
104.2
33.87
135.4
115.9
70.44
118.9
110.2
50.31
73.91
127.7
21.37
67.58
44.57
29.29
100.1
106.5
99.82
89.30
38.09
99.23
61.57
32.03
111.1
94.90
55.20
106.1
120.2
34.31
93.86
51.61
24.53
46.89
190.2
109.6
131.0
152.6
46.62
67.40
84.84
125.1
119.7
119.1
102.3
21.94
107.3
32.52
134.2
121.6
41.55
97.78
62.93
21.76
100.7
50.36
87.73
21.90
39.47
24.24
34.36
105.6
86.59
63.57
146.2
48.95
70.55
149.0
76.39
56.13
76.32
22.10
35.09
34.93
24.23
39.54
45.62
123.5
32.28
36.47
37.09
114.9
47.99
23.00
39.45
110.6
37.60
24.23
37.94
30.56
91.73
138.8
30.38
106.6
32.38
86.35
198.8
102.6
151.9
128.2
109.2
25.42
41.07
28.90
36.13
86.01
85.58
72.33
23.54
62.71
63.29
57.70
74.10
84.45
86.72
36.13
159.8
58.40
20.92
122.2
55.19
123.9
116.6
29.44
46.13
84.48
87.82
137.4
87.82
91.46
71.28
29.23
88.61
43.01
155.3
77.92
81.84
117.3
106.0
86.19
58.22
67.72
51.68
138.5
83.62
84.72
33.76
20.47
103.1
20.32
146.8
46.50
56.89
112.1
119.0
149.1
126.2
47.71
39.15
104.0
152.9
92.36
20.58
115.5
144.4
120.5
60.73
101.8
61.86
84.32
52.04
30.81
142.7
25.66
91.27
109.1
91.74
22.76
78.72
39.93
100.9
31.38
61.99
99.78
72.03
26.87
20.94
29.56
20.23
21.20
31.41
102.6
22.07
48.78
68.24
86.65
138.9
89.86
117.5
40.58
58.65
63.87
104.8
104.7
90.20
59.44
113.0
85.69
138.3
96.88
44.37
26.52
25.12
113.7
31.45
59.19
75.48
152.4
30.95
31.65
32.54
20.38
120.1
24.94
114.0
22.94
78.29
36.31
23.92
126.6
106.0
125.7
104.1
36.90
106.0
86.41
125.6
102.2
156.6
97.46
38.81
46.32
36.40
127.0
25.06
43.87
119.0
165.9
26.45
46.49
76.08
99.86
102.2
124.4
139.9
42.75
25.72
94.83
91.36
169.0
137.5
106.5
95.82
95.94
89.69
89.11
99.69
21.95
22.49
22.14
138.0
25.73
97.13
95.52
101.5
26.04
20.84
67.99
29.11
125.1
161.9
25.39
89.72
79.12
35.07
48.37
21.15
21.22
102.8
130.8
104.1
124.9
41.52
103.3
23.49
82.87
37.88
75.47
95.85
86.73
46.82
29.52
28.94
57.47
85.05
20.95
20.53
87.86
64.33
80.22
35.03
120.2
55.25
20.44
30.47
139.1
51.69
20.37
25.69
49.04
21.14
22.99
92.59
20.41
51.25
25.67
60.32
92.02
111.8
134.6
22.31
50.15
106.6
45.24
103.5
34.83
20.14
99.58
79.40
75.00
139.8
107.9
24.52
25.03
33.11
49.84
34.65
32.19
67.33
77.32
95.19
36.16
67.70
35.43
100.0
21.09
71.02
85.06
79.38
21.69
144.4
25.29
43.14
35.78
80.17
70.65
29.10
144.8
125.3
21.11
62.70
97.57
46.25
98.03
108.0
74.41
59.41
22.93
113.4
49.33
98.47
29.59
50.90
60.58
140.0
39.47
167.3
24.75
84.19
33.43
125.1
111.7
53.02
32.30
154.4
130.6
59.87
66.88
20.07
27.11
23.83
127.2
55.37
25.13
93.26
40.07
81.75
38.37
149.7
83.72
104.6
85.65
25.21
34.83
25.19
81.72
100.5
52.54
77.41
118.9
95.94
132.0
123.5
20.42
118.1
35.99
20.65
23.39
107.3
53.93
108.7
32.76
125.8
20.29
44.92
80.19
59.75
50.00
90.56
102.3
20.21
38.57
92.37
78.38
117.6
95.90
145.6
102.2
20.59
105.2
147.9
20.54
60.03
54.27
76.57
21.37
27.85
22.31
70.68
117.3
92.42
79.73
38.74
121.2
47.37
99.15
23.18
100.3
125.7
134.5
83.91
33.08
68.69
127.9
123.5
97.57
31.95
59.84
143.2
34.25
33.89
80.52
80.26
111.5
104.2
22.31
140.2
38.76
98.98
200.6
23.48
45.72
87.60
24.46
30.51
93.57
42.13
35.09
26.03
26.30
93.42
84.60
21.15
22.22
20.36
47.19
95.01
27.74
120.5
28.62
122.4
88.93
38.99
88.15
61.87
25.17
125.9
25.39
171.6
102.5
30.38
116.1
27.95
97.33
48.88
93.84
22.28
103.2
94.97
97.00
87.61
26.42
86.33
121.3
40.29
30.47
94.12
24.91
22.23
20.26
104.8
26.74
161.5
76.27
81.18
153.0
80.35
50.35
67.45
76.31
101.8
28.27
46.53
122.0
57.67
79.89
36.71
21.61
138.1
20.55
34.68
39.26
48.24
84.96
95.53
111.3
92.71
86.82
100.6
84.82
91.55
24.61
39.26
50.32
120.9
87.21
25.85
29.34
24.50
30.84
29.80
184.2
60.32
122.8
76.32
28.93
106.2
96.56
34.16
98.83
83.03
106.1
34.46
71.96
86.46
77.32
21.88
81.32
37.29
110.0
44.82
42.63
23.69
27.27
34.84
21.78
111.7
21.51
29.47
36.60
69.79
56.58
31.87
136.6
33.75
74.06
117.2
116.4
28.16
99.88
62.99
31.85
152.9
106.9
36.33
26.69
29.56
126.8
129.7
22.11
50.32
30.15
22.79
24.90
30.09
25.09
49.65
68.48
78.09
107.1
24.29
112.2
32.19
83.53
32.28
99.86
86.67
78.44
108.3
45.58
20.12
109.9
105.3
97.77
126.2
135.1
20.12
83.08
116.7
61.29
32.33
24.25
33.79
129.6
87.03
117.8
102.2
152.2
100.2
70.37
51.80
87.31
90.55
90.65
98.84
32.17
31.58
96.85
28.25
22.99
37.09
32.62
48.03
126.5
96.73
36.41
95.99
37.38
53.53
31.75
52.14
28.78
141.2
63.29
32.08
94.34
21.22
85.11
137.3
89.26
38.67
39.43
49.10
118.4
20.17
21.92
79.23
94.98
72.76
72.12
64.89
44.42
105.3
28.29
80.75
125.8
23.44
26.43
26.60
54.63
93.03
26.47
24.93
80.10
122.7
20.77
24.86
169.2
86.77
23.36
21.46
86.63
102.2
28.71
35.68
20.09
127.0
102.0
152.3
79.34
108.2
21.14
30.18
31.43
84.74
23.94
22.41
102.8
29.26
143.1
109.5
106.6
80.43
127.1
29.52
53.59
35.68
59.53
49.03
40.19
126.1
52.43
90.39
22.63
133.7
20.99
20.27
114.5
30.30
47.98
129.2
122.3
44.75
105.5
95.18
80.92
45.35
118.2
134.1
27.69
69.72
105.7
49.93
90.32
20.06
78.54
135.3
81.78
22.68
25.30
23.08
115.8
24.62
20.61
30.27
78.03
94.95
147.4
86.78
52.80
30.19
55.35
20.78
22.98
30.71
95.64
29.61
77.06
63.27
54.69
34.85
126.5
129.8
41.09
53.34
22.49
103.0
42.21
134.6
22.75
29.68
28.02
23.19
159.6
49.10
20.59
85.43
22.88
28.96
125.4
75.18
84.70
25.97
87.89
27.32
21.61
100.6
20.85
156.0
41.71
21.79
31.53
37.18
30.43
51.21
21.46
38.82
23.66
82.91
28.52
118.0
67.42
21.70
48.27
21.55
97.30
20.25
110.2
30.80
178.0
98.31
55.36
75.56
29.67
24.43
35.43
76.18
124.6
109.1
99.30
80.78
20.15
38.32
30.28
21.01
117.7
29.20
88.47
106.6
87.79
27.65
41.06
35.20
28.79
143.3
110.8
85.47
182.0
84.66
107.8
20.61
20.27
85.64
86.02
84.48
83.68
109.3
95.45
76.19
79.95
115.8
38.65
53.26
40.20
27.26
30.45
26.75
36.54
85.48
159.0
87.42
29.80
20.72
54.64
39.33
59.71
32.96
78.72
79.55
93.45
91.64
88.13
26.44
148.8
39.05
93.17
82.93
52.57
37.02
30.81
30.90
63.71
64.51
88.72
65.37
35.49
111.1
114.7
75.10
78.28
34.97
23.71
68.14
44.37
22.62
89.23
24.19
159.6
63.68
25.75
99.27
28.14
77.27
92.32
27.23
108.2
20.62
87.54
121.4
83.33
37.56
99.00
33.65
73.39
28.80
138.5
58.30
97.30
138.1
133.0
22.55
21.21
23.79
85.11
21.56
110.5
56.92
21.83
67.37
91.07
30.83
22.29
94.39
44.61
31.22
26.56
36.91
26.11
97.50
86.04
86.94
23.20
29.67
20.57
57.81
77.04
21.51
40.80
94.33
119.1
56.39
95.88
74.93
104.8
115.7
76.33
83.07
88.44
33.60
117.3
95.91
23.17
78.16
136.3
36.90
22.19
89.00
97.46
97.35
41.25
129.2
34.88
66.97
88.34
89.51
181.6
199.7
24.08
81.27
135.2
21.25
36.03
34.58
20.86
32.84
57.51
32.55
91.06
92.92
142.9
142.2
83.77
24.71
145.8
23.84
34.32
23.63
95.87
99.95
128.3
33.17
126.1
107.0
45.61
36.65
118.2
90.93
130.3
28.25
117.3
96.17
90.27
109.3
45.48
46.14
35.72
141.7
125.2
72.39
26.14
74.12
27.54
130.5
50.52
48.51
143.1
21.11
40.06
22.97
25.01
40.87
91.65
80.42
26.14
104.7
60.59
23.85
29.56
150.6
31.85
24.10
31.37
51.98
47.06
29.30
71.96
147.5
104.3
28.90
59.05
49.62
28.40
79.54
121.2
21.58
86.23
111.9
55.31
132.9
68.69
85.00
21.71
20.89
29.30
32.29
63.08
39.08
119.5
75.19
44.11
42.40
97.10
69.88
34.68
22.19
48.04
111.0
41.77
23.70
75.45
104.5
112.7
98.96
106.4
83.44
78.36
106.5
46.85
122.5
25.29
163.7
93.95
76.26
47.93
24.59
98.01
78.16
119.6
30.04
25.63
141.0
47.52
112.5
72.74
98.79
99.44
108.7
45.20
100.6
55.67
64.30
163.2
20.10
55.96
123.5
121.9
26.04
57.14
35.00
32.17
124.8
41.75
31.00
32.68
49.68
22.38
32.07
21.20
100.7
145.9
91.59
34.03
105.6
78.75
95.41
135.9
29.73
30.79
29.91
85.19
81.91
98.74
88.00
93.53
23.84
21.83
93.36
42.90
116.2
94.93
71.67
113.2
100.7
91.67
30.64
51.41
26.52
23.74
45.59
120.3
115.8
37.42
97.05
80.12
50.63
88.14
141.1
32.59
34.69
107.7
76.67
38.07
118.1
59.97
41.68
130.0
72.72
22.09
94.75
95.90
118.7
104.2
45.37
35.76
45.21
25.66
22.97
32.63
26.71
23.53
20.30
22.29
27.00
100.9
92.10
56.96
40.00
84.68
103.5
91.48
20.50
136.0
67.79
61.77
42.19
20.41
53.06
78.70
107.8
39.28
20.10
106.4
22.96
39.76
30.37
20.32
27.52
83.71
47.33
35.35
93.25
107.2
92.52
32.23
26.91
29.88
23.00
73.56
43.37
137.2
27.57
130.8
169.0
89.51
20.24
106.7
33.28
131.1
23.26
40.14
74.75
147.7
23.81
48.16
160.1
34.55
95.29
108.8
55.02
83.11
72.59
38.16
132.5
118.5
29.89
30.03
88.40
21.76
43.63
90.83
83.36
108.3
137.7
49.25
71.58
21.06
66.84
61.75
29.63
95.39
25.41
88.64
85.51
75.02
113.5
94.83
29.93
45.56
42.03
56.33
27.95
31.37
101.5
108.4
21.36
25.96
28.75
40.29
103.2
86.73
23.14
91.27
128.6
98.59
101.5
41.41
87.54
136.2
126.3
20.51
84.65
29.77
100.7
126.0
118.4
40.15
37.48
27.23
23.80
113.7
37.58
23.71
27.63
33.78
145.6
25.37
65.11
33.07
108.1
46.97
29.09
95.42
27.13
111.7
34.84
135.4
41.62
188.3
121.1
58.75
40.61
34.91
46.73
31.45
89.53
35.08
20.58
21.66
21.12
20.37
20.48
20.53
20.12
20.92
24.09
34.44
23.44
21.15
23.06
26.38
52.17
20.46
24.37
29.31
32.75
44.06
36.96
27.06
27.52
20.58
22.42
21.91
21.42
20.15
22.86
20.20
23.88
21.00
25.47
21.38
26.73
22.02
27.48
29.23
21.41
27.24
21.78
27.85
22.34
28.65
29.83
31.20
32.51
33.49
33.86
32.66
26.97
29.20
22.25
23.95
22.70
20.72
26.35
29.64
31.67
32.24
30.97
23.76
27.80
20.91
24.74
23.34
23.43
24.02
24.51
24.86
20.20
25.67
21.25
25.74
21.69
26.33
21.64
26.00
21.55
25.95
21.22
25.47
21.28
25.37
20.72
24.63
20.48
24.38
24.12
23.58
23.33
23.07
23.07
23.01
23.19
23.27
23.74
23.84
24.53
24.75
24.77
24.27
23.75
23.38
23.44
23.50
23.53
23.61
24.06
24.38
20.10
24.64
20.06
24.32
24.28
24.06
24.23
24.26
24.07
24.13
24.02
23.76
23.84
24.01
24.14
24.25
24.59
24.51
24.65
25.05
25.09
20.08
25.18
20.15
25.25
20.31
25.21
25.29
25.40
20.05
25.56
20.53
25.87
20.94
26.15
20.78
25.92
20.72
25.72
20.41
25.79
20.34
25.59
20.24
25.25
25.19
25.01
25.40
25.52
20.55
25.65
20.43
25.76
20.90
26.02
20.80
26.13
21.40
26.72
21.98
27.06
22.49
27.24
23.05
27.61
23.59
27.83
23.26
27.96
23.78
28.17
23.76
28.10
24.10
27.98
23.91
27.81
23.62
27.68
23.47
27.44
23.51
27.51
23.22
27.58
23.58
27.45
23.23
27.37
22.98
27.42
23.43
27.90
23.92
28.38
24.12
28.64
24.23
28.35
23.67
27.63
23.01
27.47
22.36
27.28
22.27
27.30
21.81
27.14
21.18
26.71
20.61
26.08
26.18
20.14
26.16
26.18
20.47
26.45
21.06
27.09
21.69
27.58
21.84
27.63
21.80
27.44
21.41
26.89
21.18
26.37
20.14
25.55
24.99
24.66
24.42
24.28
24.43
24.48
24.85
25.04
25.01
24.88
24.97
25.00
25.00
24.58
24.68
24.50
24.74
24.58
24.72
25.23
25.36
20.06
25.99
20.29
26.22
20.52
26.40
20.67
26.41
20.70
26.23
20.51
25.88
20.53
25.59
20.25
25.58
25.04
24.73
24.66
24.56
24.47
24.80
24.71
24.87
25.44
35.87
24.14
24.38
24.56
25.08
24.89
24.97
25.18
24.89
24.90
24.74
24.77
24.67
24.63
25.11
24.98
25.05
25.34
25.27
20.30
25.61
35.81
24.25
20.12
24.94
20.25
25.45
20.44
25.52
20.48
25.06
20.36
24.92
23.94
20.32
25.10
20.13
24.93
20.54
25.70
21.00
25.76
20.88
25.67
20.99
25.63
20.41
25.25
20.09
25.02
24.60
24.72
24.66
24.51
24.70
24.93
24.90
25.10
24.91
24.65
24.79
24.81
24.74
24.89
24.93
20.06
25.15
25.33
20.40
25.82
20.52
25.93
20.48
25.79
20.99
26.16
21.28
26.05
21.14
26.09
21.27
25.74
21.00
25.42
20.83
24.98
20.74
25.05
20.98
25.10
21.02
25.61
21.28
25.69
21.60
26.34
22.16
26.41
22.14
26.64
22.43
26.91
27.11
26.78
22.73
26.38
22.43
25.82
22.16
25.04
21.59
24.22
21.21
23.94
21.18
23.17
20.73
22.60
20.76
22.66
20.87
22.49
21.13
22.61
21.10
22.70
21.37
22.56
23.68
23.59
23.32
22.86
22.35
22.33
21.47
21.93
21.62
21.44
20.79
20.81
21.64
50.14
29.81
84.22
89.14
130.7
123.2
86.61
83.87
130.7
157.8
86.25
26.53
47.80
129.7
22.62
42.99
87.01
28.40
21.83
99.10
71.42
189.9
187.3
116.7
97.85
102.3
34.11
32.08
94.34
96.49
22.50
26.04
74.27
29.39
70.92
57.60
85.05
145.9
70.38
98.63
99.42
95.76
20.75
103.5
54.41
20.22
137.0
124.4
31.54
27.58
93.87
74.58
35.14
25.51
107.0
108.6
51.87
104.7
92.25
49.45
20.22
27.55
117.9
100.9
89.68
35.08
80.85
27.11
30.12
28.76
68.83
24.01
27.44
87.21
49.02
107.0
188.9
46.56
164.8
50.47
94.07
52.66
126.7
23.68
29.89
20.28
95.52
91.83
28.31
86.30
30.35
105.3
99.75
86.13
100.6
23.29
102.3
121.5
77.68
123.7
28.29
71.57
89.77
59.89
21.67
36.10
43.73
76.51
77.99
140.3
27.76
73.06
118.8
95.55
79.12
104.9
23.58
24.60
91.84
128.5
42.87
20.74
40.77
26.57
32.36
106.8
106.5
151.0
96.98
104.3
29.12
24.09
57.14
104.2
130.7
90.32
61.59
125.6
27.33
84.96
147.1
48.21
36.40
82.93
79.16
97.67
47.46
26.35
36.87
57.53
43.99
67.27
146.8
32.92
94.36
78.89
57.10
140.1
84.11
34.10
160.6
31.14
109.8
94.25
50.23
94.48
37.36
49.15
76.39
66.81
103.2
140.5
28.83
200.5
56.79
43.02
79.10
85.58
24.08
83.91
112.0
28.00
94.46
24.92
29.19
99.21
27.34
81.86
21.09
25.10
109.9
136.1
94.63
121.2
24.64
21.60
27.32
39.03
58.53
72.57
20.80
94.26
54.91
190.6
21.96
100.1
53.46
109.1
53.02
70.86
31.31
95.52
129.1
125.6
20.89
26.11
35.73
29.17
182.7
46.97
22.31
176.2
92.43
38.55
145.6
27.52
131.5
30.25
22.96
106.2
21.52
34.05
163.5
110.2
21.89
26.25
34.62
71.57
22.06
21.36
195.0
21.00
21.53
45.63
132.6
109.5
36.04
49.25
37.17
112.9
29.61
185.0
24.93
36.91
36.12
35.02
57.11
55.13
30.68
22.47
127.2
25.50
20.29
28.12
37.26
71.58
122.0
140.9
28.07
130.5
132.6
21.14
21.00
20.68
22.43
32.98
142.3
39.40
24.34
28.17
42.56
106.2
89.49
21.15
23.59
27.93
97.85
87.01
55.54
42.65
25.43
95.90
29.96
194.4
115.4
188.0
128.8
27.83
29.30
21.70
28.04
92.66
22.75
115.4
86.82
164.0
35.68
43.94
34.78
62.68
117.3
26.12
46.41
31.53
127.7
25.07
29.90
21.12
96.81
29.22
30.76
22.97
103.9
27.97
128.0
49.24
108.5
36.58
45.75
32.33
30.59
129.5
134.4
127.0
23.13
53.72
91.43
112.1
105.9
116.6
47.23
20.80
22.11
144.2
20.26
47.47
32.78
128.5
29.35
111.9
26.82
47.38
72.66
116.9
37.98
86.58
25.20
23.55
79.68
43.18
111.0
99.09
189.0
128.3
128.4
24.62
135.7
51.46
143.1
159.6
123.1
20.69
151.9
67.58
97.73
28.62
39.91
95.73
86.78
20.69
59.24
23.22
35.74
109.0
30.63
122.5
121.4
30.75
83.48
30.14
117.3
179.0
63.36
52.88
30.54
22.64
20.88
104.7
20.78
47.59
58.10
27.44
39.80
88.59
95.34
111.4
23.70
26.52
42.56
26.02
85.77
84.44
40.95
20.65
210.6
36.71
92.66
121.6
63.88
103.7
94.88
70.84
101.6
90.69
160.6
86.28
107.1
146.6
112.0
53.03
34.52
22.89
91.09
30.67
148.0
21.04
38.53
82.60
45.69
98.94
20.56
107.6
43.81
40.09
110.0
27.68
24.92
125.8
39.42
34.95
138.8
191.7
30.95
98.46
20.73
41.36
26.78
47.04
20.24
70.64
22.61
145.3
106.4
21.29
97.21
21.29
36.68
99.96
42.89
26.36
112.6
97.59
24.16
129.1
101.9
128.4
29.10
63.20
37.74
71.36
145.4
21.42
56.17
180.2
77.29
95.98
101.9
29.55
133.9
115.0
23.56
94.12
50.41
123.7
123.0
128.7
118.0
37.59
162.3
114.2
120.2
130.7
99.76
33.98
120.1
148.2
155.7
108.8
103.6
47.36
109.3
33.16
112.3
33.36
22.16
26.44
103.9
62.38
54.05
29.00
140.4
55.61
161.1
22.78
94.78
39.56
43.27
24.38
175.4
21.55
54.29
152.5
58.11
60.13
26.19
89.41
115.2
98.52
26.55
22.23
27.88
45.99
70.97
31.58
95.97
33.49
44.84
106.7
24.00
119.9
27.54
78.66
68.77
28.63
144.1
61.28
21.59
23.74
121.4
21.57
20.51
172.0
112.6
129.8
48.01
27.21
29.24
35.10
115.7
22.49
71.06
39.80
92.59
24.61
25.35
27.94
51.52
32.19
72.53
113.8
22.79
125.4
109.3
123.6
109.5
30.77
51.87
32.28
122.4
42.31
101.1
135.7
83.82
25.75
38.29
118.1
44.19
95.54
48.49
34.87
70.14
22.52
110.8
83.01
125.7
20.88
22.71
25.49
141.4
102.3
20.40
30.45
132.5
28.36
77.08
136.2
150.9
42.98
39.67
108.1
42.05
54.92
63.33
53.04
40.18
76.30
26.04
42.32
162.9
106.4
51.19
161.1
23.15
35.58
215.7
24.52
26.09
139.0
119.3
30.00
23.31
23.10
20.72
35.11
21.19
25.89
79.26
99.03
98.80
89.51
30.27
78.21
21.74
39.33
24.52
57.37
43.07
24.06
99.89
153.0
128.8
150.0
30.13
21.09
147.3
100.9
25.79
21.96
26.55
21.85
27.23
88.67
48.84
128.4
30.04
99.51
24.78
56.18
29.96
59.78
83.64
69.39
35.07
26.37
72.68
94.51
34.10
149.2
22.32
20.33
35.27
59.32
106.6
34.61
69.39
142.4
82.67
37.09
42.62
96.27
23.41
92.74
106.5
24.66
73.12
53.18
30.15
27.28
107.8
22.23
79.07
110.4
29.49
26.20
30.84
27.09
31.91
71.97
23.14
30.39
30.62
42.31
38.21
65.13
140.0
40.40
26.66
40.78
35.98
20.79
47.02
21.05
30.24
21.12
123.7
62.33
37.49
146.1
154.7
97.24
20.38
145.4
115.6
34.82
77.75
24.36
20.77
50.20
54.21
32.16
46.83
22.78
34.71
23.08
31.77
46.74
20.38
24.92
32.51
47.59
49.23
42.78
39.28
25.77
23.16
22.45
36.18
31.36
35.65
26.06
48.75
21.96
45.63
26.64
35.05
27.86
52.76
46.23
25.75
21.55
23.00
20.05
34.72
21.63
35.82
23.85
60.77
24.77
22.64
35.17
25.76
35.28
23.59
23.57
56.82
30.53
21.07
30.30
49.81
23.14
33.04
35.16
34.03
31.91
71.18
36.79
53.38
23.60
41.01
47.69
28.63
21.23
34.29
21.06
27.37
27.99
24.73
49.69
44.16
88.78
46.14
44.90
61.96
30.62
57.88
29.24
41.23
30.12
21.36
50.51
42.10
22.97
21.36
29.23
23.43
30.09
38.25
21.68
26.39
22.50
41.26
20.53
29.41
41.44
54.37
42.83
23.97
32.25
21.51
21.20
35.18
32.25
25.77
45.32
45.17
43.40
23.80
34.35
21.44
29.70
24.59
25.99
36.89
20.84
21.99
22.58
30.21
20.83
41.96
22.77
21.08
22.63
21.84
41.75
26.70
31.84
21.18
33.68
45.30
24.70
32.69
22.94
23.50
23.26
29.57
54.41
41.60
25.13
37.12
20.59
22.67
42.67
20.11
23.69
21.49
27.36
20.58
25.96
23.62
23.43
23.39
21.77
29.49
20.40
20.31
49.10
24.28
25.59
20.51
29.51
32.44
21.40
21.02
34.11
29.85
20.07
35.16
49.12
24.92
24.61
53.14
43.30
21.92
20.68
22.78
31.59
25.53
27.78
20.75
29.79
35.65
22.22
53.01
20.52
28.02
65.08
30.12
25.78
23.61
22.17
28.38
20.42
26.26
21.01
24.00
93.80
64.71
26.89
110.8
51.37
25.32
45.42
125.9
101.5
146.9
70.81
55.97
29.86
87.07
75.11
20.40
78.67
21.36
96.61
78.60
105.1
60.16
49.48
103.6
51.00
49.75
47.56
48.76
48.11
85.38
94.98
87.33
37.48
64.79
67.38
94.42
102.6
71.97
20.46
26.36
73.87
62.12
76.54
38.02
29.68
106.1
24.94
36.66
111.2
51.62
76.26
92.33
101.4
62.24
80.30
24.67
30.71
84.37
82.92
29.58
104.0
101.0
63.14
44.52
152.6
118.6
60.41
43.52
21.78
82.40
33.25
98.58
70.62
58.51
88.15
28.36
43.90
80.99
89.72
125.5
45.81
124.7
29.22
115.9
68.22
40.83
89.93
95.80
25.75
107.3
72.55
93.46
35.77
88.45
31.64
143.7
155.2
24.13
27.56
146.4
107.6
169.4
159.6
79.29
32.10
71.30
20.16
81.95
36.47
143.6
133.5
112.6
96.85
45.28
140.0
105.9
40.76
65.47
26.24
98.70
59.85
20.09
153.1
45.34
72.36
73.70
79.57
103.2
65.01
122.9
111.5
86.43
28.02
79.50
109.6
36.36
49.88
26.61
23.86
84.77
127.8
41.62
95.05
94.63
121.2
33.85
24.75
58.46
27.63
45.90
64.84
22.10
23.34
25.83
125.0
114.4
113.6
20.60
36.73
21.41
110.2
49.05
21.84
132.8
79.97
100.4
30.21
79.41
123.1
24.11
22.75
20.61
100.2
45.42
32.75
29.35
114.8
114.4
71.77
27.88
139.4
82.59
21.86
120.2
112.9
103.1
95.27
95.41
100.4
77.54
87.88
114.4
106.3
39.35
52.84
86.50
42.58
94.07
80.28
90.75
21.71
152.4
90.29
95.78
37.08
118.8
106.6
27.20
92.28
26.66
23.33
116.3
32.83
48.48
69.68
27.31
146.1
38.67
128.2
119.0
49.64
105.7
102.8
99.14
46.04
27.37
27.85
39.42
21.35
31.51
23.09
87.20
42.56
29.94
30.06
50.89
87.31
43.19
124.6
97.16
24.67
69.78
37.06
82.38
127.6
62.44
70.21
42.74
95.49
97.27
95.00
22.76
61.32
119.4
124.5
59.84
131.1
64.41
107.1
73.63
56.43
26.80
115.0
96.22
103.7
89.68
29.05
87.16
28.02
71.80
31.11
26.48
20.25
88.84
77.39
40.17
36.22
27.80
20.80
114.5
101.7
34.03
20.54
20.36
20.41
57.87
146.4
125.8
149.8
21.99
29.82
37.13
25.60
61.40
113.6
104.0
146.5
22.40
96.63
20.77
94.89
90.77
73.09
55.17
82.03
25.74
163.8
166.0
91.28
29.20
89.51
94.73
88.47
20.14
40.45
25.43
103.4
61.28
20.06
69.76
29.40
100.5
21.60
32.11
25.14
28.31
141.9
22.30
24.60
108.4
129.6
21.97
126.4
72.59
49.78
119.7
29.98
78.20
83.51
26.06
80.57
22.79
21.06
20.29
83.14
120.5
163.5
86.50
28.77
111.1
77.27
29.67
30.74
24.92
77.41
25.54
35.20
100.6
71.99
90.94
137.0
61.75
73.03
96.03
28.69
106.8
68.19
88.57
20.75
24.06
82.88
22.78
96.42
97.18
39.38
98.18
105.6
89.86
101.9
38.42
55.98
23.18
125.8
113.9
136.5
103.1
78.15
29.78
108.7
20.33
32.56
122.2
66.67
112.9
125.6
130.3
26.30
35.95
117.4
153.9
68.06
115.9
136.9
29.12
96.88
23.60
59.62
42.45
121.4
139.8
88.49
34.43
70.48
62.71
25.06
50.63
118.5
20.11
74.44
97.72
81.23
93.21
38.85
63.08
20.06
23.63
98.49
84.33
119.5
133.8
84.92
52.76
26.77
93.23
110.8
110.2
106.1
81.14
50.74
160.2
26.58
95.22
50.01
22.45
35.35
90.75
27.27
39.17
143.0
20.54
52.48
20.94
134.9
43.60
30.86
38.75
221.0
23.09
76.08
93.28
94.50
94.92
23.15
26.21
42.58
132.0
29.05
68.76
24.48
26.86
32.08
102.5
104.9
24.43
37.25
27.50
24.34
118.0
30.42
139.9
34.75
32.89
108.6
27.33
96.58
110.0
112.2
120.1
60.89
20.24
21.35
23.33
98.97
86.40
51.47
140.9
32.91
28.88
84.02
47.01
79.96
65.18
120.1
62.14
43.36
95.88
47.99
99.28
80.65
92.64
29.21
34.49
89.26
22.30
114.2
112.1
23.75
105.8
69.79
48.04
46.49
34.31
61.63
106.7
47.32
22.15
29.87
130.3
25.41
104.4
55.39
65.51
73.90
35.14
22.80
44.08
71.02
91.28
30.72
92.00
24.85
122.0
60.35
89.29
42.31
29.84
21.48
116.7
119.5
95.68
130.4
28.62
124.1
44.14
84.18
49.76
20.46
24.01
22.78
92.25
23.49
86.04
32.77
87.49
140.2
29.00
21.30
23.31
26.64
28.39
22.65
39.44
143.1
128.8
113.5
66.02
171.6
21.66
79.08
27.48
28.20
140.1
89.19
120.7
43.38
32.68
83.98
74.41
36.75
60.47
22.94
22.55
20.84
85.77
73.49
120.6
110.1
41.32
59.88
21.98
42.87
111.4
136.4
96.46
24.68
108.7
113.1
101.3
79.69
23.68
35.70
33.78
136.1
106.3
85.37
26.02
37.24
63.43
136.0
102.3
68.68
29.17
81.13
53.58
134.1
23.10
119.3
77.10
38.84
87.59
46.94
46.19
144.3
162.3
54.47
108.0
43.42
91.55
142.0
20.85
138.0
147.7
28.71
21.71
25.80
67.74
29.07
26.16
109.9
119.7
99.49
100.9
98.22
45.34
37.28
26.50
21.76
24.46
52.79
42.13
33.55
104.6
47.93
73.48
69.09
86.85
131.1
41.59
105.1
44.27
112.9
22.41
22.24
124.4
41.90
46.52
47.14
35.87
75.75
46.61
129.0
83.89
96.34
47.77
27.02
21.64
35.58
27.81
93.52
91.73
63.13
135.8
122.8
112.3
91.33
40.67
113.6
45.01
102.1
104.4
113.4
146.2
91.56
24.36
20.06
84.28
112.5
84.90
87.36
55.57
69.46
20.37
38.94
65.12
93.84
21.71
38.13
129.8
53.69
88.88
85.99
29.72
28.86
74.64
134.0
124.2
21.71
46.28
99.80
21.85
90.47
149.9
35.29
107.8
142.5
31.96
83.66
36.45
26.81
70.79
105.2
30.07
77.20
48.97
38.58
96.89
59.02
28.02
106.8
77.62
111.7
83.84
34.35
69.17
23.34
86.57
36.48
32.72
27.53
99.51
86.54
71.47
30.99
35.63
84.23
90.46
20.85
24.02
99.74
96.08
92.71
36.66
108.1
103.4
75.77
81.70
88.36
29.90
28.98
39.44
41.77
143.7
134.3
67.00
28.44
119.0
114.7
23.94
107.3
91.43
82.89
91.28
34.43
20.83
37.60
122.0
147.6
103.2
116.7
103.3
47.95
22.59
25.87
46.64
53.59
21.41
33.27
36.87
137.8
26.60
135.2
41.30
79.98
120.3
31.08
29.41
41.84
22.49
24.09
97.95
20.61
36.67
24.92
118.9
21.59
119.9
82.15
23.98
134.8
21.97
115.5
86.44
85.45
85.93
88.77
37.54
154.8
72.70
98.43
59.62
27.98
43.52
137.5
99.48
110.0
27.62
36.50
39.42
75.09
31.95
80.54
35.10
31.99
142.2
88.64
80.25
24.30
151.6
47.20
23.65
57.05
79.82
81.03
144.8
20.33
77.52
39.92
77.31
30.29
38.46
146.3
24.08
117.5
97.71
127.6
37.94
57.36
121.7
131.9
24.11
79.20
131.6
124.4
75.95
110.4
39.20
21.31
71.47
139.0
57.34
112.6
126.3
21.60
102.3
88.86
20.38
88.92
30.55
122.6
74.05
109.0
67.69
112.2
82.17
91.60
79.57
24.74
30.13
61.74
33.54
24.45
121.6
41.44
26.26
52.41
101.8
109.4
62.57
58.99
170.0
40.93
31.01
21.39
46.42
53.39
24.87
59.59
81.61
28.50
90.26
34.32
106.1
93.23
27.84
101.7
31.43
81.33
20.35
49.24
79.28
32.70
35.86
141.2
118.3
47.86
71.03
100.8
119.3
66.40
77.47
22.79
125.2
20.98
116.8
90.80
41.60
97.46
75.09
125.0
107.0
44.52
128.5
96.37
78.13
155.2
94.22
127.9
23.76
121.4
23.65
67.77
24.84
105.8
39.12
52.86
44.36
21.37
29.64
87.12
57.27
32.09
29.70
114.1
55.69
89.67
30.04
29.63
33.93
31.27
79.79
46.33
88.59
135.7
27.49
104.4
76.27
120.0
50.33
131.0
23.79
20.09
26.29
37.14
44.53
21.23
92.68
42.53
159.9
95.99
23.56
42.71
107.8
137.8
25.49
24.17
95.72
55.75
99.47
123.4
28.24
29.63
105.4
89.65
77.56
86.43
93.39
99.17
100.5
21.16
153.0
24.84
91.17
117.2
23.18
107.4
27.02
36.37
78.94
122.4
133.7
40.47
22.48
99.77
26.98
55.19
22.46
40.41
110.3
57.33
67.29
33.71
101.8
20.06
38.42
43.67
94.28
114.4
94.52
38.22
43.98
169.0
159.9
39.51
30.30
48.98
92.45
116.9
104.0
86.38
38.49
25.45
45.22
107.9
85.24
100.9
118.3
82.03
64.41
132.7
76.44
92.77
40.32
32.45
40.93
44.17
127.4
51.18
65.93
98.90
22.45
124.1
26.60
46.13
102.3
133.8
122.7
158.2
23.09
112.3
82.28
116.3
87.00
65.63
37.53
35.63
26.21
37.05
61.12
98.00
27.17
114.5
21.61
121.5
32.88
20.75
56.25
114.1
93.07
118.0
100.0
80.90
26.97
22.83
32.40
62.34
106.5
31.49
111.9
154.8
20.77
37.75
51.17
21.59
27.90
107.6
60.83
94.81
48.44
20.50
31.50
72.32
67.32
72.84
118.4
20.97
24.27
94.58
52.29
30.67
36.36
117.2
116.1
37.75
32.26
94.51
31.50
23.33
108.7
282.8
89.00
20.63
33.67
23.08
23.28
20.11
23.24
32.32
99.17
64.13
81.45
41.65
21.84
115.8
109.7
105.9
107.3
159.9
52.98
26.05
114.7
82.98
173.1
95.45
26.45
131.9
66.78
133.3
112.5
78.23
27.64
59.26
81.74
34.93
75.04
36.58
22.37
103.3
82.40
114.0
95.17
171.3
99.52
30.72
46.64
24.29
106.6
146.4
26.25
168.7
25.56
114.9
122.5
134.3
107.0
51.20
32.00
42.55
63.37
53.72
30.02
121.3
98.32
39.00
106.6
41.90
113.5
26.77
144.9
151.8
103.9
124.4
38.34
29.23
159.2
80.60
34.44
160.5
91.99
132.1
71.21
21.08
114.5
112.2
26.97
104.9
20.39
121.6
97.62
36.00
31.67
51.39
91.79
122.5
52.02
146.3
139.0
48.88
44.63
97.12
29.42
73.03
28.35
46.96
46.36
47.97
27.23
74.58
21.68
38.37
77.94
112.8
74.88
40.66
103.1
170.3
68.91
72.92
23.42
61.66
55.18
90.15
97.56
95.33
21.23
21.24
47.11
33.40
106.3
76.07
50.48
123.8
112.2
32.14
184.0
23.86
39.13
73.67
106.6
26.91
125.6
95.12
92.94
132.5
28.52
84.36
20.72
25.29
143.1
30.94
26.58
23.66
31.90
24.22
57.59
45.32
46.34
127.1
21.71
101.3
66.49
41.14
21.42
34.67
103.0
131.5
21.53
25.22
119.9
81.43
20.40
94.52
46.78
62.48
89.59
21.34
114.6
98.12
57.41
32.59
98.73
133.2
68.80
42.58
102.1
42.23
94.50
135.2
115.6
38.12
24.68
196.3
23.11
38.74
80.89
48.43
37.50
79.62
32.76
153.4
23.17
20.18
71.54
111.5
62.32
87.00
156.7
105.4
74.23
79.99
71.62
121.1
53.54
24.99
105.4
26.33
66.47
21.05
53.36
93.05
49.08
104.3
20.43
135.3
21.81
22.39
116.8
86.87
28.02
65.23
21.00
46.04
20.34
108.3
40.53
90.40
125.2
65.11
70.63
79.83
131.3
39.26
96.04
41.83
159.8
23.71
35.39
107.2
51.29
84.56
31.49
86.96
88.25
21.24
121.6
56.53
172.4
20.78
46.99
37.50
30.99
125.3
141.8
148.6
23.34
129.1
26.32
99.41
29.09
71.72
42.13
28.55
123.2
35.74
85.87
81.42
110.6
36.47
40.57
37.01
24.67
128.4
99.37
104.8
42.54
21.62
97.94
122.6
99.48
102.7
28.31
151.0
48.04
77.04
118.0
25.40
133.3
35.48
27.18
29.83
68.30
22.67
72.18
43.54
83.65
56.75
34.14
23.23
40.74
95.75
41.23
59.12
63.48
59.76
65.66
118.1
102.2
128.5
27.33
71.70
145.0
99.40
105.9
22.89
101.5
24.58
30.27
44.39
29.14
28.13
49.68
68.54
25.24
42.32
82.32
80.28
135.3
94.48
151.5
116.0
31.11
88.67
98.41
28.72
95.71
26.44
38.07
26.29
128.9
116.3
104.7
88.48
112.4
45.59
22.66
23.63
23.05
95.02
134.7
57.72
20.40
29.34
124.0
106.5
101.6
138.8
21.92
54.38
99.72
56.47
25.30
132.5
26.92
64.61
90.99
159.9
131.8
119.3
157.7
37.82
128.0
57.63
69.18
176.0
28.20
122.6
46.99
63.90
23.54
90.02
97.92
85.75
122.4
89.60
25.44
32.50
25.16
127.3
52.54
25.83
30.55
126.2
90.62
104.1
40.66
21.28
119.9
125.9
20.93
109.2
30.27
83.37
96.09
32.98
51.46
109.5
129.7
34.04
64.13
49.57
145.6
110.1
125.6
42.60
94.47
86.47
63.77
42.40
98.92
26.03
22.27
123.5
118.1
150.8
55.14
31.96
35.21
52.98
56.70
114.3
75.72
34.73
52.65
74.75
135.6
63.26
119.9
26.15
80.15
29.82
103.4
28.70
35.57
119.9
27.28
112.2
51.31
21.42
36.32
78.82
27.49
20.68
54.43
142.0
40.82
28.28
26.70
121.5
113.3
34.68
30.75
113.7
37.15
171.9
37.35
111.1
34.52
29.17
23.81
62.42
103.2
35.03
28.48
42.44
106.7
58.91
121.7
24.90
67.32
27.83
86.90
22.57
106.4
67.73
127.3
126.0
82.88
105.9
105.3
114.1
21.83
31.70
29.45
96.38
45.77
85.26
22.04
22.92
62.65
21.99
53.14
31.37
109.1
82.48
27.14
122.0
30.05
117.3
100.9
24.27
74.40
28.42
86.09
128.8
111.3
44.61
33.76
29.10
130.9
89.50
110.2
33.51
39.71
190.5
28.65
128.6
77.08
69.92
137.6
20.67
34.01
20.49
62.97
119.2
50.76
114.4
31.55
85.09
78.94
21.80
132.0
127.4
55.65
43.51
20.37
56.64
25.99
111.2
30.93
37.67
88.39
125.9
94.61
24.49
39.22
51.93
121.3
95.41
159.0
88.07
117.2
85.79
24.34
87.72
51.68
158.4
70.99
22.16
25.37
35.38
40.27
30.16
69.72
63.39
60.30
131.3
91.31
44.12
34.89
143.1
74.57
23.04
92.58
101.7
27.17
162.2
54.82
108.9
21.45
99.27
27.14
41.79
32.66
20.42
144.9
24.60
81.35
91.34
46.53
52.15
26.48
67.82
104.4
94.27
123.7
34.71
38.15
91.75
27.82
71.55
130.2
128.3
150.3
26.83
39.21
168.8
108.1
29.25
107.8
114.2
80.13
113.8
73.16
66.29
89.02
113.9
115.3
29.81
39.89
105.6
27.94
20.07
67.00
74.77
40.51
39.38
151.8
20.47
24.56
27.34
127.5
86.99
36.28
25.53
25.86
66.68
105.1
37.21
151.3
40.47
124.8
83.64
126.8
20.57
154.4
21.86
35.60
20.29
20.58
20.30
60.28
51.66
25.79
72.54
21.95
78.60
95.26
28.87
83.13
56.55
129.1
121.1
102.3
28.89
31.60
22.82
115.3
21.26
59.24
105.7
30.25
31.82
52.23
57.19
28.76
23.77
147.6
63.53
37.53
124.6
25.63
89.35
50.92
95.59
88.48
23.47
24.49
144.6
31.76
126.5
53.85
88.69
125.0
29.45
97.04
154.4
98.93
71.78
22.89
78.82
124.0
59.25
145.8
32.60
74.19
160.1
29.31
112.8
117.8
104.3
100.2
58.10
26.97
127.9
29.11
82.38
106.5
124.2
85.54
36.93
121.9
39.04
32.60
111.1
144.8
20.92
28.07
27.08
54.54
33.91
34.34
55.03
76.53
53.57
36.83
59.62
141.7
33.03
105.0
23.18
162.2
95.14
75.44
56.25
117.9
83.97
119.1
24.27
73.24
29.44
108.0
132.2
90.72
120.3
21.36
21.12
22.46
21.09
22.04
98.51
78.67
20.76
117.6
110.5
117.7
62.51
21.81
111.3
101.7
27.65
100.5
83.85
106.2
33.47
74.02
104.1
98.05
54.95
102.7
24.04
31.96
81.14
53.70
21.58
80.92
27.69
57.40
24.39
122.6
143.1
106.4
27.29
21.53
22.22
137.4
114.4
53.00
32.16
89.35
48.56
111.7
49.35
101.7
97.17
164.8
86.67
23.67
66.98
73.26
37.18
93.84
20.89
42.35
59.34
123.7
29.94
70.49
93.69
106.4
47.54
44.12
67.12
181.4
95.25
36.77
108.6
96.93
140.6
36.44
24.78
161.8
148.4
38.65
103.3
88.83
84.43
141.1
22.24
20.81
78.31
136.0
26.57
99.78
119.1
20.58
25.69
32.46
21.92
91.19
116.2
125.0
51.49
93.51
109.1
32.99
51.21
27.47
45.00
71.05
35.28
20.53
95.49
144.9
22.07
112.0
41.49
22.87
94.46
125.5
33.91
95.28
29.84
35.27
38.34
32.15
46.51
26.74
66.62
27.34
24.68
42.16
22.48
136.6
89.16
92.22
138.6
125.4
24.32
156.8
62.77
45.90
26.82
159.5
28.84
42.97
32.93
88.47
103.2
30.22
77.15
30.06
21.18
92.64
53.74
91.50
58.83
87.16
28.24
46.95
61.39
58.27
33.26
40.31
74.74
78.26
22.66
99.46
109.1
57.28
97.53
29.74
34.50
54.85
82.18
117.1
96.95
69.59
66.74
84.31
138.0
54.41
33.13
26.57
97.62
92.11
87.63
148.4
27.45
88.72
39.26
132.7
104.9
129.1
37.19
59.16
73.34
74.79
23.65
116.3
22.18
57.19
65.61
45.76
100.6
21.06
23.36
45.99
54.12
99.12
99.50
22.83
109.1
122.0
102.4
45.02
28.33
26.48
21.35
90.37
21.52
82.72
23.76
85.05
125.3
133.5
108.7
30.16
147.4
105.1
102.5
102.9
78.66
20.81
156.0
100.6
53.29
22.59
85.46
101.9
116.4
84.44
28.43
26.39
89.23
97.14
134.3
22.36
56.43
22.15
70.21
164.2
89.60
94.44
84.88
140.8
23.25
148.8
47.44
85.20
31.90
141.8
94.25
25.29
67.47
91.02
132.1
94.14
92.40
71.43
74.89
33.63
104.7
43.23
38.48
32.82
40.63
28.01
39.04
30.55
91.28
97.26
103.6
25.05
94.56
95.82
29.55
83.47
113.2
32.15
58.80
103.0
159.4
84.39
115.9
33.65
78.84
35.11
20.89
23.77
131.2
26.97
84.28
46.52
107.3
135.8
147.5
113.5
22.56
86.22
35.36
70.66
92.80
98.25
82.77
82.09
64.81
55.54
74.56
86.75
37.30
52.74
100.7
97.15
38.80
20.47
80.99
137.7
21.87
41.12
115.1
114.6
31.60
74.26
127.4
104.9
73.34
23.22
71.33
21.52
25.06
104.1
126.7
101.8
223.0
20.21
80.67
45.33
96.15
83.45
94.79
26.94
20.19
23.96
24.38
90.40
37.82
70.12
78.38
29.47
94.65
30.95
100.2
114.4
124.2
105.5
84.44
115.3
94.23
119.5
76.71
77.84
22.20
23.11
37.18
20.35
53.24
98.42
75.33
124.7
63.48
21.41
86.54
63.35
53.82
116.9
30.31
54.42
46.32
72.17
20.55
21.13
41.92
96.65
31.42
23.50
29.56
22.13
75.00
42.69
95.10
27.05
90.62
48.94
78.40
106.6
25.26
26.09
131.3
28.06
96.81
92.67
119.2
85.61
39.66
73.52
58.92
54.06
46.57
136.5
114.3
24.26
60.19
38.79
60.34
25.11
64.79
41.99
164.9
65.58
94.73
37.75
99.58
75.68
70.57
130.0
21.16
62.90
27.84
58.11
51.48
66.17
34.06
103.8
106.8
29.31
130.3
121.4
32.45
88.10
71.66
32.33
36.99
97.02
128.5
29.14
98.17
23.21
87.67
25.62
119.8
45.61
120.3
40.72
29.69
30.72
84.96
83.48
94.10
97.29
29.67
106.2
46.21
117.5
148.0
39.36
64.27
107.1
27.14
99.91
21.12
78.04
30.09
36.76
70.16
89.31
26.63
104.7
151.0
35.08
29.30
31.41
23.04
102.9
110.9
101.5
116.0
32.38
95.83
37.62
68.24
105.9
105.9
124.6
84.26
141.3
22.15
24.85
33.63
23.84
85.69
29.93
30.78
163.9
117.0
128.3
107.5
20.61
85.38
102.0
80.65
122.8
146.6
49.63
29.19
21.98
97.41
70.30
100.6
112.8
23.81
144.7
38.91
113.5
176.1
25.04
32.62
22.35
127.2
21.01
21.12
105.3
57.99
93.90
117.8
97.99
40.60
22.30
22.30
21.91
98.51
35.07
123.2
35.87
20.45
93.47
118.7
62.37
40.84
37.48
25.56
47.19
61.05
26.34
29.23
59.92
29.70
114.9
30.11
156.2
102.3
106.5
56.21
29.82
97.71
111.1
29.85
36.31
37.22
45.04
27.93
25.43
46.23
28.65
108.3
90.91
88.56
21.99
83.75
112.4
24.70
111.5
23.62
50.70
52.44
44.89
20.24
25.70
48.48
55.16
72.39
146.2
119.7
96.67
97.87
98.09
111.6
117.1
67.45
28.77
95.94
29.22
116.9
21.03
46.80
202.6
98.72
34.11
43.66
27.92
20.14
146.5
23.24
21.58
27.60
82.57
26.54
79.63
87.62
20.07
24.95
116.0
38.28
51.71
114.5
156.9
54.15
80.75
35.40
105.3
47.27
23.99
31.74
24.59
100.9
88.22
115.9
25.76
25.42
78.36
104.9
58.78
43.84
33.67
22.82
98.64
142.7
38.99
24.31
116.6
37.69
93.32
105.7
36.18
22.27
22.84
29.90
47.33
136.4
114.4
61.66
44.93
32.91
93.95
88.42
96.36
95.52
25.90
20.17
147.3
111.9
20.08
38.18
38.49
89.43
34.74
20.82
101.9
27.25
22.77
146.4
21.51
98.56
95.22
93.45
83.59
130.0
29.12
20.30
21.71
34.63
22.32
34.73
29.15
94.38
83.23
25.73
70.15
26.34
40.36
29.16
93.14
51.43
59.00
39.12
53.38
28.78
107.3
21.90
89.15
104.4
33.07
124.9
51.90
21.91
61.47
50.85
40.84
27.80
155.6
24.61
25.98
145.4
29.10
96.49
34.88
28.23
20.93
73.73
161.2
109.2
127.0
76.28
27.49
102.4
26.27
24.54
73.74
75.36
140.4
20.27
56.97
23.37
23.92
71.96
33.04
93.32
43.33
58.52
95.70
21.38
30.69
26.48
92.47
99.53
89.39
33.14
26.12
32.65
23.36
28.56
88.25
44.40
39.11
21.57
102.5
67.97
82.30
135.8
87.92
21.97
68.47
64.64
87.84
97.01
50.57
85.32
38.78
47.86
118.3
26.43
72.17
27.74
80.85
41.38
20.85
105.3
133.9
82.12
99.28
50.12
22.23
93.57
26.24
110.4
20.15
144.1
52.17
20.81
32.04
20.30
27.74
121.9
76.15
28.84
56.21
23.33
30.24
57.82
96.52
138.5
100.3
34.34
128.8
38.79
61.82
102.1
86.25
93.43
45.43
37.23
81.18
32.09
83.08
23.05
97.97
29.11
23.17
114.8
122.6
95.02
25.45
92.92
21.34
20.44
55.59
75.80
98.15
103.8
42.47
25.21
86.95
23.90
99.27
115.7
25.82
57.03
157.7
100.7
69.30
56.35
53.64
21.25
27.64
24.77
27.80
21.50
43.80
78.86
21.28
30.81
108.9
72.44
83.48
20.29
21.28
77.31
47.01
34.20
20.29
44.74
59.73
26.98
36.85
34.71
125.0
35.35
91.50
83.15
25.49
124.6
112.6
76.28
167.4
25.12
51.49
161.2
22.48
20.54
23.81
20.36
21.73
156.8
129.9
63.71
33.75
114.9
88.30
82.36
49.90
50.01
20.22
154.8
28.21
89.27
26.43
79.48
61.70
87.57
25.59
87.19
108.8
29.10
129.0
77.46
64.04
23.62
32.75
160.9
41.99
30.47
164.7
41.81
31.63
21.50
94.87
21.21
24.20
104.2
128.9
21.28
20.57
57.51
20.60
152.1
104.2
51.99
43.35
49.27
106.8
119.1
42.58
168.7
47.12
30.71
109.8
86.92
97.75
57.38
50.37
34.07
73.72
32.23
23.73
143.8
81.72
105.9
86.05
144.9
87.50
153.8
86.87
34.82
24.28
23.50
99.93
93.14
117.7
93.00
20.29
102.2
89.78
117.9
140.7
65.09
117.7
30.39
55.90
139.1
105.0
28.40
102.5
52.25
84.32
31.61
21.24
49.58
84.14
87.29
44.18
131.8
104.5
22.71
47.60
32.58
36.64
122.8
23.84
32.92
106.1
25.31
70.93
33.27
38.50
91.47
28.50
136.3
28.25
128.5
23.29
89.73
38.61
38.15
46.27
45.69
44.67
24.25
126.7
67.93
130.5
38.04
138.8
129.4
22.33
23.87
20.79
103.0
150.1
50.15
58.57
45.80
27.72
43.89
123.4
21.18
24.75
27.06
147.8
23.67
27.34
94.16
112.2
133.8
37.88
85.61
66.11
125.8
44.03
60.09
167.1
38.42
24.54
108.0
114.8
36.32
75.89
113.2
20.19
57.56
104.9
21.08
37.88
134.6
190.3
31.80
88.50
97.09
34.56
108.0
110.4
43.79
87.77
73.49
153.7
95.59
32.99
98.39
29.12
81.47
121.7
83.72
60.61
60.93
48.57
46.62
122.2
21.23
49.10
48.90
40.24
48.64
67.86
132.2
41.91
30.43
52.13
94.34
105.0
87.20
90.19
65.00
125.4
92.51
25.21
88.70
38.49
105.6
46.11
100.7
102.7
23.09
105.7
29.43
30.00
33.42
100.7
33.72
28.10
63.18
109.8
93.36
69.17
39.38
97.34
141.6
20.27
77.10
83.85
173.4
85.05
21.33
139.9
84.44
22.85
136.7
112.2
29.27
20.18
51.13
67.65
41.74
20.20
146.9
112.9
46.56
123.2
108.4
44.48
104.5
53.50
86.35
76.61
34.17
39.88
42.74
111.4
35.47
40.90
28.35
57.99
44.75
131.0
48.69
51.87
143.9
70.01
42.54
26.51
122.7
28.29
100.1
106.8
30.75
98.38
41.14
123.9
122.3
28.73
20.61
31.00
110.6
113.0
22.86
91.05
151.5
24.47
36.53
74.03
26.17
23.06
33.03
152.1
55.60
29.37
49.42
78.61
21.69
62.39
109.5
131.5
194.0
80.05
88.82
40.56
95.98
30.72
162.4
43.27
70.53
85.79
26.40
42.87
36.09
107.6
86.59
89.77
76.73
90.60
20.23
46.06
81.56
38.21
49.96
24.32
117.0
41.55
77.37
107.2
112.5
157.3
49.51
117.4
138.7
28.53
82.81
100.8
99.46
95.35
102.0
84.05
140.4
90.89
131.2
24.79
31.04
98.39
40.37
46.77
21.90
23.39
33.64
92.02
117.0
65.95
27.39
29.91
68.77
72.04
101.9
179.1
93.82
75.95
24.60
31.61
63.96
80.03
52.26
108.2
23.68
61.76
29.66
87.49
131.7
41.13
37.37
74.51
31.25
40.21
124.9
81.61
92.27
144.2
104.8
125.0
102.2
21.63
20.90
92.03
26.49
28.85
141.1
95.86
39.67
123.3
84.77
42.57
97.79
72.41
20.09
68.34
94.78
107.3
34.48
128.2
91.53
111.0
52.98
26.24
25.15
174.7
139.7
33.66
35.08
37.57
27.08
30.66
82.52
69.59
36.68
92.03
105.8
23.05
131.9
40.84
23.39
20.43
71.78
26.93
28.08
29.46
53.49
26.21
125.2
26.60
101.2
38.18
110.0
112.3
47.03
120.1
76.48
112.6
104.3
23.30
122.4
127.6
100.8
133.8
122.4
68.45
51.49
103.2
104.2
99.31
91.24
32.73
29.16
77.20
21.53
78.69
20.63
28.48
77.62
44.29
75.28
90.78
21.99
78.18
90.19
79.99
43.22
80.80
111.4
111.3
97.29
98.31
46.14
114.4
24.19
129.1
31.35
28.71
111.0
27.56
116.0
34.26
125.9
31.49
34.01
40.43
35.82
46.92
98.85
114.3
141.7
20.52
97.76
28.07
55.12
20.11
21.20
125.3
53.18
134.7
113.0
35.54
41.04
25.31
79.34
25.70
90.97
33.78
103.2
81.14
113.2
102.4
31.84
67.52
138.8
93.59
21.12
123.6
26.97
115.9
91.50
20.21
106.4
87.22
23.63
90.92
85.98
31.55
70.44
87.74
75.67
96.90
65.20
112.1
117.2
90.05
50.57
76.04
24.88
32.67
45.12
92.28
24.99
79.58
43.68
70.36
99.22
36.13
40.10
46.25
32.89
87.03
22.26
114.5
101.8
21.32
28.91
89.98
75.94
22.91
127.5
107.5
23.36
48.34
37.39
98.88
22.36
92.75
25.60
99.76
74.00
133.5
25.04
27.91
101.2
54.76
40.46
110.4
34.55
41.76
92.31
21.78
92.73
123.8
132.9
45.59
58.22
143.5
32.45
31.14
113.9
44.82
92.56
126.2
88.59
117.9
22.83
113.8
108.8
26.98
21.60
40.88
91.52
22.25
155.6
50.69
96.01
24.27
34.92
28.46
130.3
121.4
70.00
83.09
64.61
43.45
22.88
85.20
112.9
33.57
45.64
31.37
20.66
21.88
30.22
61.99
81.13
81.45
136.2
99.22
42.36
116.2
84.15
76.50
68.20
116.9
109.0
25.00
173.3
21.72
144.4
20.38
57.55
21.30
34.02
80.75
51.10
21.51
30.62
186.0
42.89
40.82
64.73
73.87
24.09
112.1
90.36
76.97
148.1
113.1
125.6
89.32
46.59
39.93
29.35
68.53
107.2
96.16
100.3
45.95
101.6
37.16
24.53
34.07
49.42
97.82
94.83
97.20
25.05
51.48
47.05
92.01
63.02
117.8
117.2
23.43
60.43
56.36
69.46
22.83
40.27
158.9
88.18
131.0
33.23
88.40
41.39
26.21
26.99
95.23
37.02
23.27
91.77
102.5
29.02
30.44
139.8
22.78
52.54
71.17
129.4
102.6
20.27
47.24
42.85
98.28
36.08
39.14
79.66
23.76
30.84
47.08
51.61
83.99
61.23
130.7
46.19
32.51
34.96
116.9
26.92
42.06
43.16
80.09
70.25
87.26
54.84
133.1
38.50
41.74
28.59
158.9
81.16
26.91
48.89
26.06
137.5
24.42
135.1
75.52
24.03
101.8
138.2
118.3
49.04
38.08
107.3
81.23
73.28
86.66
61.22
85.29
110.1
52.90
96.20
184.5
85.70
119.3
21.44
25.14
24.28
23.69
23.37
22.79
22.83
22.82
23.00
22.49
22.69
22.73
22.66
22.24
22.22
22.55
22.11
22.37
22.18
22.12
22.97
22.16
22.60
22.06
22.42
21.80
22.77
21.95
21.42
20.36
76.40
50.59
93.91
88.07
42.08
34.35
20.88
70.02
98.75
78.34
129.2
29.19
48.63
21.71
86.89
20.77
22.01
20.96
96.55
58.80
34.38
22.45
61.46
50.84
23.52
22.26
30.16
79.95
58.94
58.50
33.77
27.50
42.29
99.23
32.89
136.0
38.67
96.24
20.51
45.25
104.0
106.3
43.10
27.23
66.42
50.62
168.5
78.00
98.84
88.56
86.42
32.54
36.85
68.46
24.55
43.02
81.73
110.9
75.84
29.90
95.07
23.52
196.0
132.3
49.83
101.3
90.46
50.50
29.07
100.9
107.3
77.17
30.45
32.50
117.4
86.03
59.88
64.97
92.96
28.37
108.1
53.77
74.20
147.6
84.68
29.71
131.5
28.27
42.45
58.84
47.63
20.12
133.5
54.10
165.4
110.6
139.6
27.05
58.23
104.0
94.18
26.45
26.32
29.46
72.53
55.85
67.98
159.9
79.14
24.39
92.82
40.31
109.7
35.19
99.37
130.7
84.66
85.90
172.7
110.1
100.8
24.29
140.9
125.8
21.19
129.8
37.47
30.40
27.31
32.14
107.1
103.9
34.85
57.33
26.93
29.46
103.0
112.0
83.65
102.6
20.77
31.44
41.09
108.4
76.37
90.08
147.3
152.2
41.48
99.82
35.55
32.47
77.09
108.7
26.40
20.14
20.88
62.78
23.80
68.45
154.8
98.48
27.28
132.5
64.95
21.67
139.8
116.3
95.64
88.32
108.7
31.93
38.81
106.5
73.34
50.04
98.22
74.39
58.28
37.04
154.2
31.03
132.6
154.8
40.95
121.7
83.99
124.5
20.09
36.42
28.46
22.07
74.88
89.21
22.09
93.82
119.0
50.00
76.24
99.34
108.7
43.86
47.51
21.72
22.67
28.34
96.54
23.89
76.07
60.99
21.04
139.3
84.47
138.9
127.1
37.21
124.9
114.2
25.38
106.9
108.0
49.39
90.77
99.37
99.37
21.20
90.00
76.36
113.9
39.60
107.9
27.58
91.40
130.3
89.11
148.9
91.30
134.6
114.7
119.7
100.9
51.80
42.08
60.13
36.21
23.60
155.3
48.45
24.72
73.45
34.96
31.35
138.2
22.65
137.8
90.80
21.33
44.09
20.15
52.97
109.5
22.88
128.9
30.92
39.33
113.1
28.67
45.61
38.17
32.60
39.36
97.62
69.63
33.86
27.83
21.40
40.61
23.58
120.3
29.02
108.9
142.4
132.8
88.80
34.01
22.58
34.20
26.97
98.76
142.0
77.51
36.33
123.4
78.14
74.50
57.94
98.93
84.23
60.28
24.23
78.11
92.29
34.99
82.60
25.86
64.08
38.51
85.20
112.2
76.06
46.94
49.94
21.66
32.39
73.85
92.90
83.09
27.75
25.20
130.7
100.0
26.08
122.8
152.0
81.32
36.22
74.20
59.08
22.39
45.77
40.97
79.34
86.68
37.93
97.61
28.74
115.8
51.71
26.94
87.29
20.29
25.59
166.9
52.77
138.3
89.58
50.30
31.37
27.96
31.44
85.89
109.7
39.37
132.4
51.89
134.1
51.77
23.99
109.2
53.83
46.88
128.8
60.48
97.81
119.0
22.27
28.68
85.47
50.57
107.4
61.73
107.6
75.53
32.96
28.29
94.35
122.5
23.46
111.4
76.73
82.03
108.5
27.43
33.98
27.79
29.25
40.35
39.02
22.04
82.59
94.29
22.58
91.66
80.83
123.7
39.95
23.61
118.2
88.85
103.0
137.3
25.44
119.9
112.9
92.06
115.8
100.2
21.63
94.78
54.94
105.3
30.88
110.9
61.53
66.94
29.66
38.38
40.76
21.65
25.48
113.5
106.0
95.71
35.48
39.83
49.55
121.1
66.13
126.2
21.40
127.7
20.81
37.86
59.00
30.33
164.1
68.77
27.85
23.95
64.47
37.18
35.13
115.0
119.3
48.22
47.08
90.99
98.50
51.98
20.49
29.60
35.76
89.10
76.57
53.22
35.69
88.27
82.94
41.98
104.6
24.60
31.29
93.80
28.63
54.13
42.04
38.81
104.8
49.65
108.3
33.62
84.12
87.76
83.52
40.89
145.6
56.67
37.36
65.81
99.41
40.05
156.5
29.96
41.80
96.25
30.27
25.35
146.0
24.00
39.50
20.12
105.1
27.87
93.28
35.52
92.62
120.3
96.09
117.8
120.3
79.11
66.64
37.67
149.7
46.97
33.15
66.83
20.58
161.5
188.4
70.06
27.76
94.52
136.2
24.29
56.65
84.95
38.73
111.5
139.2
134.2
115.1
96.93
93.31
36.33
33.98
99.42
118.0
36.13
35.36
60.15
27.26
101.5
116.3
182.0
25.72
97.38
84.13
21.64
29.29
108.3
106.4
39.07
104.5
24.56
20.61
105.9
142.6
78.69
44.39
20.98
111.1
24.39
161.6
128.8
68.00
22.50
107.1
38.64
34.36
21.30
124.4
35.54
21.00
27.54
45.00
43.02
21.54
27.08
36.59
32.02
42.53
23.45
95.42
21.34
111.3
91.35
57.75
20.43
61.77
51.61
43.36
74.62
28.55
20.98
31.15
96.58
26.29
22.61
160.8
138.9
21.89
21.32
29.33
37.46
23.71
39.01
56.22
23.54
197.4
29.57
36.61
33.03
50.61
22.61
28.19
26.39
22.41
22.27
33.40
33.51
28.57
30.11
50.18
29.32
88.95
21.84
23.27
28.50
23.50
20.60
51.89
41.69
54.83
29.62
36.56
36.92
25.11
41.00
47.09
39.17
33.73
26.41
21.42
22.17
44.36
45.90
27.84
37.35
28.44
22.15
20.65
30.12
40.56
41.09
29.00
45.60
20.29
25.46
26.42
45.91
48.59
34.95
27.34
25.07
22.35
33.14
49.76
36.45
28.39
32.07
38.47
30.54
41.51
38.08
39.00
26.61
44.09
34.21
37.79
27.50
44.89
27.03
39.68
25.15
31.19
38.64
39.52
20.40
21.13
21.32
28.15
21.48
43.16
34.88
45.81
61.31
40.93
21.00
43.27
28.74
39.78
23.94
20.34
50.15
55.25
21.68
24.77
20.69
26.83
46.24
25.24
27.23
46.09
25.70
62.18
60.47
20.68
64.46
45.97
20.27
41.06
29.96
58.56
33.84
20.63
34.00
20.36
23.13
54.65
25.15
51.77
24.97
37.82
34.62
27.60
20.76
46.58
48.42
26.16
23.05
34.29
34.90
27.99
22.99
41.62
23.48
27.43
39.96
35.28
24.32
46.17
42.54
62.30
39.56
22.27
26.77
34.56
23.35
32.22
31.23
25.99
21.10
31.09
37.97
81.77
21.13
44.65
44.75
27.89
25.28
29.12
24.06
38.90
34.27
43.40
37.20
27.38
30.43
21.92
22.38
23.04
27.33
38.95
29.29
43.18
33.24
34.64
29.08
20.11
30.92
23.23
23.06
24.72
33.86
26.57
25.89
22.00
33.40
27.64
29.31
46.38
22.43
28.41
21.30
21.75
39.68
34.10
34.07
21.35
24.90
33.85
23.57
24.34
22.76
33.26
28.70
36.29
30.95
22.96
23.72
22.03
20.70
26.04
26.04
24.81
23.50
23.42
35.28
41.91
26.46
26.31
20.99
42.30
34.74
31.70
37.21
34.45
42.15
31.83
22.00
20.43
45.46
22.50
22.23
20.18
28.24
28.91
22.64
20.72
20.70
20.51
27.21
22.45
36.63
42.94
25.80
23.96
21.73
32.00
24.32
22.35
20.11
27.39
21.24
40.08
37.97
25.79
20.86
23.43
29.06
24.01
21.97
21.06
28.14
20.16
26.22
31.95
25.59
26.78
21.69
20.24
23.87
32.93
34.90
21.35
36.75
20.05
28.36
35.24
21.00
22.50
29.52
30.52
21.83
31.85
22.19
22.87
25.24
21.64
36.34
21.93
28.81
25.98
29.86
20.78
21.05
21.66
20.96
26.13
27.18
22.95
28.62
24.97
20.18
21.18
20.89
20.20
29.77
22.51
24.92
20.28
21.19
20.88
20.43
32.27
23.83
26.79
20.17
20.48
66.65
29.97
46.69
73.53
36.77
106.4
106.6
93.07
46.08
90.68
136.1
30.75
42.32
91.31
23.79
28.89
21.38
24.94
21.86
25.57
143.1
125.9
20.58
44.95
34.08
100.2
26.00
33.58
76.49
32.69
47.50
59.57
27.93
86.96
57.66
23.16
44.18
125.2
27.77
28.80
40.50
48.71
59.98
39.47
119.5
116.5
55.27
55.60
30.71
27.97
81.19
89.02
94.63
21.00
58.91
25.22
113.1
121.2
91.37
90.89
94.79
25.27
60.81
78.83
117.6
20.15
90.00
32.60
118.3
21.41
117.1
93.01
23.35
36.53
103.0
20.56
50.73
84.18
128.3
35.03
27.29
32.32
57.84
43.20
49.13
114.0
47.70
53.59
66.45
25.52
96.30
144.1
20.20
20.89
27.08
26.56
25.41
56.39
137.3
156.3
22.52
112.4
41.87
96.73
24.84
103.1
23.65
100.6
43.93
103.0
95.68
127.7
65.41
132.5
26.62
37.09
85.53
80.89
43.87
118.1
22.15
37.34
33.32
31.46
31.40
83.72
100.3
52.71
28.98
22.18
54.00
109.8
37.46
60.37
30.39
44.92
108.6
25.39
20.13
81.91
121.0
32.51
33.53
35.90
22.05
130.4
72.27
51.09
52.31
108.8
94.97
123.7
90.94
41.55
24.22
67.36
97.58
147.7
145.9
71.38
63.23
42.06
21.18
135.7
21.38
101.5
94.58
67.13
25.32
25.99
20.16
124.7
44.79
55.88
104.0
21.85
33.64
60.22
22.27
99.83
23.43
26.05
99.45
27.99
166.2
41.17
26.14
27.27
37.90
131.2
141.2
20.49
70.73
133.3
101.3
84.24
99.94
24.31
78.39
38.40
28.79
30.09
120.6
20.53
36.94
141.3
95.08
22.59
99.52
178.8
45.50
32.19
115.6
65.43
43.34
120.0
119.8
94.56
98.55
24.29
111.9
37.62
92.40
111.0
126.0
22.01
90.16
27.98
98.40
26.36
84.81
46.28
37.05
39.03
102.1
29.46
25.38
39.53
28.47
99.05
42.02
22.38
148.7
23.16
109.4
33.52
28.59
26.19
102.9
101.9
20.68
43.85
76.87
143.4
22.08
22.55
28.98
107.0
120.4
133.4
141.1
129.0
76.91
23.53
22.02
43.74
77.86
56.49
65.50
27.15
123.3
24.08
60.90
44.63
30.96
86.08
93.39
32.54
132.0
115.8
87.86
60.76
32.11
70.88
107.6
90.63
109.1
66.52
24.38
36.79
111.2
118.1
117.0
64.06
82.63
40.12
33.36
43.53
69.56
154.7
86.12
47.78
123.4
99.36
27.30
48.53
22.99
175.0
40.76
109.2
122.2
117.9
104.1
27.14
39.10
44.64
87.29
26.78
63.03
96.67
24.69
23.62
21.07
103.5
91.35
120.8
98.29
117.9
94.37
43.26
46.83
113.8
20.80
53.59
48.67
32.51
51.38
26.93
141.7
85.81
35.89
39.05
84.01
87.66
45.45
33.18
43.98
78.77
98.88
36.70
133.7
81.30
22.82
27.06
29.12
23.33
39.11
45.90
42.34
27.20
141.3
38.15
96.86
29.21
33.50
114.9
23.36
35.15
26.23
23.40
20.81
73.80
83.11
23.64
46.72
63.37
107.7
72.39
94.83
27.88
104.3
52.63
22.83
42.20
32.03
108.0
29.25
101.5
103.8
21.02
119.5
23.14
147.7
71.87
45.13
100.7
92.02
111.3
123.2
78.92
29.16
99.38
113.4
143.2
109.8
71.58
167.7
29.67
34.78
21.08
91.34
137.0
20.32
90.14
57.16
100.8
118.5
59.02
37.93
109.8
51.37
76.67
41.85
25.63
34.60
93.77
32.41
38.48
26.08
20.41
21.12
51.29
47.20
25.10
109.6
33.85
46.82
40.22
31.05
63.60
133.3
69.53
24.36
35.34
38.00
108.3
31.82
22.00
106.2
31.52
27.41
90.41
93.49
73.40
102.5
43.89
50.71
30.09
24.87
32.00
120.3
74.32
99.15
29.41
20.23
31.94
141.1
74.44
102.9
27.45
132.5
85.98
32.14
66.73
65.45
27.57
26.58
21.48
28.39
39.08
74.41
100.0
137.2
30.93
103.9
81.59
20.57
34.98
69.32
117.1
22.41
20.24
23.18
21.32
31.81
22.12
42.52
144.7
55.11
29.66
39.36
53.85
25.34
30.50
30.75
82.34
132.4
102.2
25.84
20.94
27.68
47.64
104.3
48.12
60.83
37.74
73.18
115.3
20.57
20.29
133.7
85.25
93.29
97.71
20.39
108.9
41.12
34.32
87.34
66.70
135.5
76.02
40.95
45.10
20.47
121.2
24.46
40.92
75.76
36.71
98.67
102.8
45.05
41.79
61.39
22.02
29.19
24.14
106.8
58.62
58.62
30.85
72.28
99.85
88.59
54.02
20.28
35.41
43.89
115.2
88.08
27.00
44.13
74.58
46.02
124.6
85.72
88.33
100.6
36.10
29.65
28.43
93.97
93.27
33.60
132.1
166.7
94.16
89.58
24.80
49.00
85.44
97.77
34.55
45.85
47.93
175.2
106.5
28.36
114.1
149.3
154.7
90.67
51.52
25.77
151.0
179.2
52.13
93.49
24.77
34.55
86.86
33.73
21.96
69.84
46.03
43.87
150.4
37.24
127.6
105.4
35.79
43.20
102.6
105.5
129.0
146.3
20.24
39.18
27.84
20.42
24.99
118.6
85.93
20.71
26.73
67.85
37.17
23.10
61.90
80.15
130.1
27.52
42.70
58.59
27.61
149.4
144.9
114.6
96.12
47.26
189.3
27.04
144.1
83.48
145.9
20.43
26.06
33.48
86.25
116.5
104.2
27.06
109.0
25.25
57.86
99.10
37.01
28.77
96.82
154.0
81.19
38.61
77.34
30.49
121.3
33.04
31.50
32.14
27.28
31.06
112.5
96.56
54.85
25.72
21.98
87.04
83.70
45.56
119.0
23.95
86.54
48.24
62.81
100.6
156.8
21.47
37.69
30.77
23.85
29.44
141.5
117.9
100.4
128.4
164.3
20.67
22.68
99.58
118.3
20.08
59.32
30.67
67.38
90.20
90.28
180.1
102.6
33.60
25.18
78.02
135.4
101.7
132.0
96.77
76.50
26.56
20.31
60.62
24.63
32.44
25.41
123.1
30.79
110.2
27.81
111.3
52.76
89.08
38.40
106.6
133.0
26.21
24.98
92.82
31.16
44.59
27.34
99.67
59.56
92.21
90.98
20.23
20.22
169.1
22.67
27.33
24.72
102.3
116.0
105.4
102.8
100.2
20.99
24.66
94.00
56.56
89.04
87.44
48.96
23.99
100.8
38.28
21.25
93.60
99.20
94.12
23.86
110.5
61.18
105.9
89.72
85.79
23.70
53.96
95.23
66.89
128.4
103.7
55.84
111.6
20.78
21.69
112.9
29.64
48.57
68.90
108.5
21.22
136.1
56.77
150.2
104.9
23.60
119.0
46.70
135.7
93.99
103.0
83.69
138.5
20.14
92.88
31.58
107.0
23.60
105.2
116.2
22.23
109.0
60.01
110.4
54.43
24.69
64.08
33.76
90.92
30.15
127.9
43.25
44.51
157.9
82.57
106.6
115.2
46.27
21.20
86.74
125.4
135.7
91.27
21.05
20.72
40.46
88.71
79.67
64.54
24.95
21.13
37.76
102.6
93.25
20.80
43.06
85.03
114.3
32.49
134.1
114.5
38.64
53.32
86.97
47.91
106.5
28.01
70.18
105.8
44.91
20.26
74.14
22.98
103.1
124.9
26.99
44.62
111.9
114.8
102.8
106.5
104.2
105.8
53.90
60.95
20.88
90.85
28.01
44.36
107.9
62.34
39.70
104.9
173.2
21.71
20.58
104.8
22.98
21.34
58.03
132.7
60.71
85.99
29.60
56.79
111.7
102.2
28.16
22.43
35.88
102.7
79.29
40.58
22.10
105.7
31.93
95.99
111.9
22.33
34.46
29.40
39.33
80.77
134.3
114.6
155.0
151.7
137.9
99.29
120.1
41.70
20.15
89.02
96.06
66.80
37.93
21.87
46.46
29.82
116.2
154.1
24.69
101.0
105.2
27.33
69.52
74.88
41.40
59.11
102.1
27.94
42.09
86.62
30.02
39.02
95.70
112.1
146.1
38.20
40.31
45.06
49.32
21.86
27.79
27.65
117.7
42.60
126.4
52.77
27.94
23.47
51.42
33.98
28.45
32.05
80.49
150.9
31.73
31.74
102.1
42.37
32.45
63.25
30.59
52.32
126.6
131.8
99.60
113.3
63.53
22.54
23.05
165.6
56.96
20.89
97.66
29.95
117.8
26.15
102.1
35.29
22.55
98.58
50.55
108.2
84.30
26.13
50.30
38.05
97.75
41.99
102.9
29.76
35.70
83.41
21.13
42.05
37.24
26.75
106.9
27.76
42.70
110.7
21.32
46.25
133.6
91.11
48.30
21.34
25.69
148.3
90.75
100.4
24.35
76.34
59.12
96.69
41.12
23.89
22.26
38.74
72.11
40.31
89.09
50.87
128.7
113.8
24.92
105.7
20.62
36.52
55.73
178.9
47.15
23.16
114.8
95.94
58.67
78.59
20.91
24.18
31.00
77.06
45.05
57.37
63.92
21.73
82.60
51.90
79.26
112.1
111.5
42.85
48.22
56.97
39.16
90.56
47.06
97.07
33.75
23.48
20.53
74.39
20.42
21.37
54.80
26.01
37.29
26.14
33.50
74.51
20.63
21.52
168.9
118.6
203.9
47.76
38.04
76.64
61.22
73.98
96.13
93.78
115.6
95.90
74.89
30.09
27.11
107.2
60.85
35.73
25.54
133.0
107.4
81.80
138.1
28.57
50.18
87.19
23.70
24.45
104.5
26.69
33.84
21.25
97.90
143.4
30.45
31.62
41.99
22.88
26.41
33.87
158.5
69.28
110.2
21.01
130.1
22.94
91.05
33.27
55.35
65.03
144.0
84.87
24.76
73.99
36.00
29.26
34.29
86.36
30.08
37.03
101.4
24.81
99.52
45.12
150.9
70.36
128.1
133.3
22.66
22.49
25.07
81.15
45.63
36.98
31.00
44.31
91.06
36.76
21.54
45.96
28.62
43.04
101.7
84.49
21.67
21.85
113.5
22.81
30.37
23.40
131.4
123.1
80.41
24.05
90.81
154.9
25.94
28.17
62.12
49.71
36.12
24.56
38.43
75.66
108.1
145.7
42.30
97.12
109.7
35.28
52.62
72.64
51.77
106.4
29.02
56.61
39.53
114.0
27.05
69.26
103.3
23.36
119.6
34.31
65.81
47.30
102.3
26.73
69.13
24.81
24.60
61.12
81.04
22.28
95.19
81.20
79.80
113.4
29.16
29.77
91.40
88.01
163.0
104.1
61.02
136.2
20.63
32.35
83.79
43.34
43.17
24.38
30.03
107.4
29.80
39.59
21.09
21.68
41.40
20.40
22.55
31.09
132.1
67.57
99.48
29.44
89.90
23.99
102.6
25.81
48.05
92.18
92.21
56.80
118.8
113.5
81.43
146.8
124.6
102.9
31.49
121.9
125.4
64.86
133.2
22.93
25.40
79.55
63.46
108.9
59.58
35.83
138.3
35.06
26.44
23.33
34.37
29.05
29.43
123.1
123.5
21.35
85.65
114.7
110.7
36.73
112.2
44.28
29.60
53.27
22.15
139.2
22.51
56.97
40.06
27.59
22.32
33.48
58.56
50.77
43.85
35.23
164.2
109.0
116.1
24.14
27.97
27.08
21.62
99.61
41.82
105.2
149.3
75.36
21.39
96.31
35.94
96.87
42.91
98.68
28.00
71.71
25.54
118.5
100.6
94.46
128.4
164.2
79.70
43.61
167.6
54.70
25.22
87.26
99.32
88.78
98.85
102.6
21.43
184.6
90.05
94.02
42.77
119.7
22.77
111.8
20.42
37.59
45.19
147.9
20.64
78.43
88.68
27.07
149.2
70.18
117.2
90.97
104.4
25.36
99.58
52.49
132.1
23.20
123.4
20.73
83.92
127.3
50.12
24.41
30.93
95.40
75.75
44.70
80.40
73.72
45.60
24.70
35.01
22.06
32.28
27.06
129.3
86.66
22.47
149.7
82.92
42.55
36.56
43.35
38.22
69.28
174.1
113.4
32.67
62.73
31.16
46.20
64.20
125.5
82.00
78.75
92.46
26.49
119.5
120.9
112.6
27.42
50.45
28.99
45.10
31.62
45.76
59.33
78.17
31.75
23.32
20.93
99.36
52.74
69.38
27.47
67.22
20.79
28.75
89.28
34.09
54.36
32.62
89.04
39.63
48.08
147.1
25.84
129.5
73.62
145.9
94.39
22.65
83.30
133.2
21.23
72.40
179.6
28.83
21.20
93.87
20.70
87.56
113.1
28.42
49.79
40.08
45.34
91.57
37.19
60.97
80.68
36.55
141.8
26.58
33.41
75.26
153.5
123.3
51.81
98.40
69.92
27.16
90.97
137.9
23.68
90.56
49.09
166.6
20.84
47.90
86.88
30.51
20.63
36.87
48.45
83.37
154.1
93.49
34.77
22.87
61.81
35.94
40.51
75.52
103.3
124.7
138.3
91.66
43.15
53.99
28.52
95.06
167.5
83.04
30.82
108.3
103.2
48.25
49.57
113.8
33.80
110.3
113.4
85.42
29.47
80.89
26.00
26.25
29.79
59.27
31.84
22.84
32.75
31.32
33.94
56.69
146.1
33.08
110.8
55.64
37.83
70.66
74.38
64.09
125.4
37.06
77.09
99.57
140.7
30.36
43.93
81.15
52.89
38.85
107.8
102.9
147.1
55.51
48.66
95.62
87.03
28.27
92.66
31.45
67.82
36.37
122.1
30.32
71.50
135.4
139.2
79.73
100.5
48.60
24.20
20.21
47.20
88.62
113.2
88.08
109.7
80.09
37.67
113.9
107.4
36.88
47.62
20.55
37.94
20.36
34.75
75.70
148.0
110.5
27.21
105.7
47.65
133.1
28.40
73.43
106.6
32.21
128.7
147.4
88.27
108.2
43.14
27.30
32.04
20.92
117.3
95.54
39.39
30.67
23.77
33.04
39.10
94.06
130.9
46.44
28.21
113.0
25.42
89.53
89.82
175.6
156.2
87.65
89.76
30.56
90.62
133.9
26.17
163.5
25.42
111.5
30.90
114.2
85.96
20.39
41.07
136.9
20.83
130.3
39.52
88.04
21.43
38.27
22.64
101.9
44.44
23.25
22.19
26.21
31.32
129.1
27.74
120.3
104.2
148.1
27.86
109.0
33.15
34.19
24.87
135.1
33.59
93.52
124.7
20.64
102.7
123.5
101.8
52.32
95.57
69.98
112.7
136.5
53.45
85.54
136.1
124.0
32.17
70.45
20.44
29.03
39.77
51.51
82.53
37.65
128.5
39.37
110.3
119.2
88.35
118.8
25.38
111.1
57.05
59.49
104.6
29.76
22.95
33.49
54.18
129.8
68.86
21.21
34.45
37.93
125.5
28.78
38.47
34.86
136.5
54.84
51.77
106.5
107.5
146.6
71.71
32.66
22.07
37.14
119.6
154.9
24.46
62.94
100.7
29.60
52.24
56.48
122.6
71.10
21.30
41.83
113.4
37.02
75.04
87.13
130.6
22.99
43.11
28.90
71.97
128.5
57.57
62.43
90.44
134.4
21.64
59.01
96.32
39.27
126.7
100.8
21.46
28.76
28.73
25.73
24.86
21.96
41.44
67.15
55.17
20.65
49.48
80.27
22.18
25.09
126.3
42.46
44.67
36.30
135.7
20.92
40.95
129.7
76.80
50.66
101.1
21.26
25.23
32.62
104.2
22.72
112.1
105.6
43.49
95.45
151.8
46.28
34.59
35.43
24.53
79.62
25.81
98.32
88.85
35.53
30.24
103.4
148.7
127.3
23.23
36.14
44.31
86.47
89.64
108.8
62.30
42.64
21.92
92.48
35.35
107.5
21.78
124.7
28.30
98.99
32.92
54.14
121.1
40.05
107.2
98.59
107.7
153.5
147.7
20.62
98.39
52.95
29.85
31.74
131.4
78.83
44.69
76.35
43.13
116.4
149.4
101.6
104.9
26.12
75.33
90.48
40.84
88.14
126.8
82.42
24.70
132.6
97.52
30.39
38.17
61.89
24.98
37.44
144.3
135.6
55.24
99.70
67.70
22.36
73.55
110.3
21.28
27.18
100.9
78.32
80.10
145.0
67.19
23.10
96.74
166.6
28.93
53.28
128.0
69.96
153.5
34.31
50.86
136.9
55.17
44.64
20.41
33.31
32.74
25.67
25.66
111.0
30.05
28.84
118.6
60.44
49.78
20.86
21.21
98.58
103.2
144.4
168.6
131.8
41.84
117.3
53.59
34.73
118.6
54.26
111.7
140.6
35.11
30.02
108.6
134.4
138.4
22.89
54.39
32.33
119.0
37.91
27.61
151.9
91.34
45.63
114.6
147.5
21.26
26.00
91.21
98.45
88.69
27.76
23.43
111.1
158.2
99.67
60.18
61.45
106.8
134.3
69.03
87.45
39.79
182.3
78.55
36.83
134.8
114.4
79.29
21.50
99.89
101.8
119.3
44.23
58.51
21.51
151.7
45.15
49.25
94.86
110.2
22.68
59.54
20.85
149.0
105.0
22.98
62.41
93.49
134.5
20.11
32.77
51.81
45.21
125.1
42.65
72.92
36.02
80.78
87.13
56.33
87.84
75.88
29.80
120.1
121.4
179.9
133.2
42.01
74.13
111.6
107.7
127.6
123.8
25.83
79.10
36.30
84.89
92.17
29.98
58.24
125.1
83.04
116.0
61.44
38.29
126.1
86.01
95.29
161.7
40.52
118.2
88.60
23.97
23.95
32.23
78.64
20.14
28.82
117.5
66.59
129.7
76.33
85.53
53.28
25.85
78.16
43.65
54.76
43.65
92.35
83.71
31.52
52.03
40.87
38.10
94.85
21.95
139.6
26.03
21.54
38.77
108.1
70.83
44.76
45.43
51.21
160.9
59.33
126.1
96.19
59.79
46.50
21.87
83.17
20.61
32.53
90.70
25.25
20.93
137.9
128.2
145.9
72.75
110.6
91.62
90.53
74.76
52.38
24.91
164.0
80.99
96.82
92.36
95.46
96.69
22.58
20.08
54.29
28.77
25.26
92.56
96.69
91.47
76.35
43.02
28.46
46.67
57.56
22.50
31.84
21.22
22.09
28.00
23.18
22.03
126.7
50.13
102.9
67.41
39.10
23.29
21.54
24.43
23.28
90.99
22.44
25.33
83.94
32.81
100.7
56.73
28.27
30.36
126.5
56.53
81.16
120.8
105.0
98.46
48.38
86.93
23.61
50.55
41.59
146.7
82.95
30.97
60.13
39.75
90.51
43.78
77.91
38.30
77.22
167.6
76.00
47.47
175.6
22.17
26.49
118.5
30.59
20.41
112.0
135.8
92.96
37.61
31.68
74.78
112.3
76.15
128.4
29.92
83.65
55.36
30.27
27.02
27.11
111.1
34.04
77.29
85.73
36.89
128.6
32.40
101.3
36.51
27.72
33.13
78.54
32.27
47.91
21.70
94.62
23.91
84.90
26.60
99.86
77.47
34.30
113.7
176.8
37.71
70.75
33.32
87.86
86.50
44.04
30.83
29.13
31.86
147.2
48.73
95.71
27.01
21.05
22.87
114.4
44.26
98.35
42.76
42.18
118.9
27.87
71.71
43.44
30.92
109.7
75.95
100.8
28.03
139.6
91.67
55.53
63.68
58.31
86.03
134.8
146.8
25.40
49.90
51.92
41.67
71.18
116.4
35.45
56.13
87.29
24.45
40.90
28.15
34.11
94.46
40.92
36.78
20.18
87.21
74.20
141.8
94.39
36.85
94.89
29.02
63.99
44.80
90.97
107.1
81.39
23.82
22.63
46.95
67.97
153.5
83.49
106.9
22.70
120.9
27.53
132.0
119.9
119.8
89.89
45.90
82.73
33.80
51.75
37.77
21.79
76.43
54.01
35.59
95.98
48.69
101.1
47.56
204.4
105.9
42.19
123.1
97.33
28.19
26.19
48.90
128.1
86.21
97.75
99.01
93.21
25.48
45.55
44.86
20.70
48.70
22.62
23.46
106.5
75.72
144.2
24.12
46.93
103.8
76.34
78.13
32.55
148.1
160.2
77.79
24.96
72.82
22.96
35.51
137.3
86.22
25.30
40.65
157.8
121.7
88.02
107.8
133.8
46.60
23.40
82.66
35.16
51.74
32.37
32.35
112.2
93.00
68.36
33.97
137.2
83.54
127.2
35.53
128.0
83.39
24.62
21.59
123.2
31.50
93.36
96.06
85.91
83.03
58.02
89.70
125.4
60.14
26.61
167.6
77.80
146.6
23.75
36.82
104.2
108.7
52.96
94.08
117.8
44.32
92.15
22.71
106.0
42.97
20.05
62.48
112.9
130.5
20.76
35.82
46.87
110.8
59.23
88.44
139.0
93.71
139.0
93.61
118.0
38.26
65.81
32.08
47.28
33.01
22.36
22.89
50.67
122.3
21.88
35.12
58.60
99.13
24.57
24.42
103.6
100.7
102.1
49.48
52.34
58.60
100.9
21.77
119.3
113.1
22.47
23.04
94.89
85.96
94.78
112.7
23.80
133.8
42.43
21.27
20.35
101.5
130.7
107.5
141.0
34.14
59.43
134.7
122.7
128.6
30.76
46.10
158.3
22.28
164.7
125.6
39.68
91.64
26.06
108.5
108.8
23.25
59.48
31.42
30.21
36.16
96.80
22.16
163.8
153.3
106.7
96.53
118.7
39.38
122.0
20.40
130.7
25.85
30.13
98.91
115.5
25.01
115.8
109.6
51.33
133.5
37.39
45.66
96.03
29.30
20.26
30.93
26.98
42.56
84.26
45.15
116.9
44.74
69.04
102.5
92.29
89.07
99.30
68.99
66.81
103.7
35.06
91.52
51.31
108.9
40.29
33.50
88.76
100.1
139.3
100.1
32.60
105.6
107.8
136.3
25.19
20.98
20.48
97.52
106.4
27.00
48.06
29.04
79.17
25.45
31.62
38.72
60.33
86.71
27.18
56.55
166.8
118.1
137.1
51.71
68.52
97.63
33.78
28.77
35.22
83.07
102.2
137.0
45.22
94.33
26.11
40.74
65.97
99.07
100.3
129.4
22.76
89.03
120.7
25.97
92.62
27.55
96.90
105.9
109.2
38.37
37.50
37.52
22.25
22.89
21.39
163.5
52.36
