67.12
104.9
60.58
22.45
129.4
107.6
104.6
137.1
135.0
31.13
126.7
96.88
131.7
171.9
200.8
77.96
100.3
49.74
36.84
23.23
125.5
158.6
111.7
113.2
174.4
160.5
178.2
156.5
121.7
97.93
117.0
64.73
20.18
172.2
152.2
118.8
181.5
45.13
130.2
186.0
142.1
144.2
43.50
30.81
30.13
20.74
20.13
22.72
20.35
23.38
128.2
104.5
178.1
138.5
118.3
30.99
69.35
129.3
64.36
24.32
22.74
146.5
96.29
188.9
163.9
47.79
22.15
44.82
25.26
173.5
97.50
202.3
108.6
194.4
130.4
74.09
67.56
121.0
197.4
23.26
51.36
175.0
197.3
102.4
122.0
109.4
44.90
24.17
113.2
148.1
127.4
177.8
40.41
20.35
150.9
28.31
30.01
168.7
162.3
93.35
130.9
191.8
157.4
106.1
118.1
162.6
156.6
121.3
90.75
147.2
21.11
38.95
141.9
181.5
173.8
154.2
25.49
66.92
102.0
122.2
20.42
184.3
124.1
89.87
32.16
42.67
107.1
159.1
128.9
38.55
149.9
214.9
20.71
154.2
20.90
20.15
33.05
63.58
177.1
23.71
108.8
85.27
27.06
119.1
151.8
114.0
183.9
29.48
131.5
20.16
197.3
37.67
150.6
159.7
57.10
127.9
45.02
75.94
200.8
114.0
122.9
27.78
56.46
43.16
158.4
22.76
35.82
136.1
29.30
81.31
186.6
30.13
42.18
50.29
90.89
24.92
106.7
20.80
20.76
104.3
124.4
27.58
21.28
42.94
24.23
170.3
133.7
101.9
130.0
101.7
34.28
202.9
20.85
20.47
190.0
188.3
21.11
151.2
159.0
22.11
118.7
100.1
101.0
152.1
36.46
97.01
28.29
61.69
26.65
196.4
29.81
133.1
124.3
30.53
183.5
21.75
185.0
104.0
95.00
127.7
30.49
118.0
135.3
105.4
114.7
58.18
28.27
24.90
20.72
124.4
110.4
67.71
113.2
33.46
93.66
30.41
104.9
214.0
90.98
165.6
39.54
28.34
114.0
138.7
190.6
148.3
112.9
82.28
112.1
37.11
41.96
140.3
68.66
112.0
32.51
112.3
155.2
37.42
187.7
48.50
153.7
33.53
24.67
209.5
31.01
38.43
90.11
89.80
159.3
146.2
182.7
135.3
114.4
25.71
47.66
50.72
150.6
27.42
130.7
20.74
65.39
20.23
131.1
45.81
24.98
108.1
20.14
188.5
141.6
167.0
80.61
95.25
104.8
135.5
165.8
38.44
24.72
56.74
41.88
129.6
52.63
162.1
147.1
120.0
217.2
216.6
164.6
46.53
161.2
124.6
35.29
20.37
195.9
29.91
27.33
123.2
110.5
34.73
116.6
132.9
178.6
20.09
21.81
20.65
40.71
229.0
101.4
109.5
26.16
135.6
52.92
120.4
35.46
113.1
27.53
21.80
54.80
28.01
95.21
163.3
38.13
195.4
162.9
147.0
157.4
92.40
20.85
64.22
103.8
27.09
20.12
154.4
30.62
152.4
63.72
29.93
45.55
148.9
98.27
152.5
177.7
85.47
120.3
34.48
87.82
99.83
155.7
183.3
23.17
20.50
74.52
20.21
20.35
145.2
109.0
104.9
123.3
38.90
115.0
121.2
31.25
135.4
184.4
37.13
137.3
23.04
138.5
31.27
65.45
119.4
30.75
147.9
32.90
22.12
20.05
113.6
24.95
29.03
43.90
21.69
125.4
30.44
55.61
177.1
48.48
62.28
112.2
23.19
176.3
170.4
38.91
28.38
211.6
101.7
130.8
162.1
21.70
105.6
23.90
30.50
22.89
105.3
164.5
116.8
25.73
102.8
128.8
32.37
48.03
93.96
129.5
125.2
98.26
30.63
85.71
143.0
61.45
101.0
22.47
73.51
98.87
37.65
46.92
152.4
163.9
34.23
35.03
46.77
156.6
149.1
31.05
141.3
52.77
142.1
178.8
152.0
35.89
107.9
20.08
97.98
106.3
114.5
133.0
108.6
99.32
153.3
154.6
35.52
92.32
164.7
47.49
168.5
146.7
58.76
57.50
35.96
104.9
129.5
30.35
93.42
41.96
102.3
153.0
135.2
47.04
28.42
99.71
169.9
176.4
174.7
104.5
93.49
140.3
46.37
60.55
148.1
184.2
164.5
121.6
221.1
166.3
141.4
42.52
165.9
40.57
45.95
146.8
48.76
20.74
98.34
76.59
104.8
109.0
190.6
39.52
36.00
151.8
148.9
61.29
20.28
20.66
145.1
20.81
168.6
81.08
142.0
105.5
82.47
68.58
75.57
159.6
104.2
32.67
195.8
25.89
47.03
182.8
57.69
28.77
176.0
39.19
36.71
92.87
107.5
95.85
101.6
165.0
20.17
153.7
128.5
121.5
131.0
22.88
139.0
86.45
112.8
152.2
223.9
145.9
46.65
25.10
75.99
183.9
131.9
27.23
136.2
25.81
54.43
25.05
164.3
98.02
25.48
144.5
20.59
136.1
111.0
85.80
28.00
122.1
85.11
182.0
41.44
154.8
20.88
20.08
185.5
51.91
142.9
122.2
123.4
179.7
86.01
32.48
37.14
104.1
112.1
74.28
105.0
128.1
105.0
164.8
36.13
20.25
20.14
119.2
116.5
43.54
29.27
64.70
90.62
199.1
128.3
26.86
160.1
20.23
163.2
174.8
111.4
25.82
82.15
96.72
119.5
135.2
117.5
103.9
119.9
48.72
86.35
68.88
130.0
95.10
142.3
136.4
177.6
79.08
111.4
150.8
28.70
146.2
73.33
20.27
159.0
25.39
207.5
47.26
64.87
166.7
20.82
125.4
102.5
32.96
39.08
138.6
140.6
26.40
102.5
35.25
184.7
144.4
39.81
49.91
66.98
134.8
28.75
62.62
24.98
120.8
27.92
181.7
153.8
35.29
38.45
69.64
94.57
125.2
24.06
211.3
28.20
145.6
53.05
161.7
121.6
183.8
27.92
26.22
86.08
72.20
54.66
188.9
185.2
160.6
206.6
182.7
94.81
75.88
144.8
29.88
23.16
130.7
20.05
119.3
28.77
155.3
190.1
56.17
28.61
147.8
104.5
89.63
79.13
176.6
215.1
31.87
53.29
153.4
96.87
124.4
118.0
59.66
151.9
188.6
161.5
135.7
136.7
26.45
126.5
107.9
163.4
39.24
90.15
47.18
73.20
134.4
193.9
23.38
145.1
173.1
157.0
192.2
39.39
31.25
50.98
161.0
146.0
171.5
129.7
46.85
25.90
158.8
49.16
23.29
20.19
38.96
36.99
108.8
30.17
164.1
108.3
145.8
81.46
192.2
81.81
153.0
148.9
59.13
20.27
156.1
22.96
157.1
202.8
39.35
93.57
133.0
164.6
63.62
173.0
21.95
106.2
119.8
170.0
39.93
35.92
110.1
182.8
28.15
157.7
140.1
25.71
23.49
183.0
36.57
170.3
58.02
126.2
127.3
197.1
142.6
166.0
86.42
157.3
99.21
116.1
174.4
160.5
108.6
126.7
159.6
38.77
33.38
115.8
166.3
119.1
171.9
68.01
77.69
160.7
51.17
20.10
157.4
99.36
85.57
21.78
24.31
133.6
44.98
56.51
66.43
163.1
139.0
120.8
82.60
37.42
40.31
184.1
116.3
122.0
204.6
193.6
183.5
193.7
55.97
120.3
121.0
147.2
35.79
29.65
124.7
83.28
159.2
180.4
26.95
20.67
22.61
55.44
170.7
209.5
24.13
191.6
31.93
48.09
157.4
112.3
118.8
75.12
131.1
126.3
154.1
113.6
190.1
48.58
137.3
137.9
52.98
108.7
150.7
24.75
171.6
179.8
81.90
178.8
53.30
138.7
176.2
46.35
127.6
212.2
108.8
163.6
80.24
105.8
84.86
20.38
163.2
151.2
163.8
134.1
107.8
139.4
102.9
171.3
167.9
165.5
26.34
128.8
57.60
74.45
31.56
20.32
128.2
91.96
20.31
57.01
41.04
165.4
193.5
29.43
92.16
24.59
163.2
55.28
153.5
79.89
185.4
117.2
149.0
21.67
20.73
171.3
20.42
26.25
43.41
36.85
124.5
106.5
24.91
102.3
163.2
228.9
170.8
183.6
68.90
121.1
73.42
20.24
34.50
135.2
47.97
111.4
111.0
178.5
213.5
28.12
131.8
28.91
120.0
141.7
23.19
77.63
25.30
138.7
143.4
58.79
45.77
131.8
189.2
172.2
159.8
122.9
148.5
154.5
114.0
31.46
57.52
20.34
158.6
132.2
20.80
42.94
139.6
34.86
96.33
146.4
29.80
102.4
160.5
129.0
156.6
147.4
57.79
29.83
53.85
178.4
143.8
98.14
112.9
118.7
84.06
35.64
36.22
49.00
135.2
80.59
63.81
187.4
132.1
22.36
132.1
135.6
96.97
140.8
57.92
114.6
58.37
111.7
44.22
22.53
83.32
167.9
164.6
86.30
149.1
122.3
128.5
79.85
158.5
146.9
33.13
99.96
47.98
42.70
27.91
206.4
76.77
171.9
91.31
114.4
92.26
22.04
105.6
114.4
143.6
183.4
104.1
34.61
34.50
100.1
164.8
34.68
179.5
105.0
116.1
170.1
105.5
23.89
122.6
134.6
105.0
37.46
172.6
187.9
40.83
41.79
34.42
126.2
79.43
53.20
152.6
77.97
98.48
66.71
110.6
105.3
97.54
127.9
142.9
197.1
203.2
136.5
20.30
214.0
94.86
137.7
161.1
57.50
145.3
130.0
48.17
108.1
173.1
46.82
144.4
212.4
128.7
26.93
185.6
127.1
135.2
89.68
91.90
177.2
138.3
182.2
136.9
228.8
25.84
191.5
134.2
20.51
129.1
33.68
120.9
92.17
136.6
46.63
20.10
20.14
30.76
38.45
143.9
102.6
51.32
21.56
182.8
164.2
44.08
174.5
78.02
82.67
20.09
163.0
32.46
59.08
25.73
131.5
26.21
44.80
151.1
116.9
108.3
169.3
35.36
32.54
168.0
97.57
142.8
86.01
109.7
206.8
183.2
40.19
120.1
45.09
27.96
22.88
21.84
31.71
194.3
58.90
25.81
151.2
144.6
21.55
79.92
87.42
111.4
41.57
117.5
38.79
193.9
35.95
20.14
116.1
132.9
108.5
124.7
57.11
26.25
154.4
34.42
109.2
151.2
78.21
163.4
123.9
120.1
22.21
141.9
74.80
51.31
188.1
44.47
33.03
67.08
131.7
133.7
133.8
187.5
138.7
149.8
119.5
126.0
24.82
135.4
101.7
45.77
52.46
133.4
174.1
55.61
44.18
79.53
33.83
160.6
159.9
44.85
178.1
171.5
190.6
149.9
24.86
203.5
57.53
202.0
50.15
72.24
20.05
124.6
25.75
150.3
51.61
130.5
101.4
124.2
109.4
36.77
210.8
135.1
165.8
146.5
63.18
97.59
20.34
23.82
46.83
22.18
88.68
26.49
83.22
82.49
37.99
168.0
212.0
63.21
139.7
89.21
148.9
111.7
120.9
144.6
150.6
108.6
148.0
128.2
178.8
120.9
30.34
159.2
118.4
20.69
158.0
30.82
120.9
46.40
101.0
26.28
33.59
88.90
124.4
107.0
134.2
169.9
143.6
150.9
20.49
35.33
120.4
29.03
112.8
21.80
57.45
171.0
182.1
24.02
36.46
174.4
25.30
75.43
80.83
178.6
162.1
173.5
44.68
139.4
202.6
94.24
134.8
21.91
126.5
108.1
158.5
139.0
94.55
67.08
162.5
20.21
172.1
45.96
99.06
44.34
100.1
177.9
129.6
26.29
127.1
90.89
41.97
192.8
47.57
52.19
52.35
160.7
103.8
100.2
164.2
64.60
145.9
83.87
123.9
115.5
88.54
204.7
103.3
38.86
72.36
112.4
187.0
46.17
184.4
179.1
167.9
78.93
46.58
69.05
123.9
75.59
27.30
210.4
39.98
195.9
192.1
140.2
54.38
20.05
143.5
20.43
36.34
125.4
125.2
25.29
26.64
106.3
152.3
76.00
45.62
177.8
78.87
147.8
35.88
109.5
193.5
173.3
152.8
48.52
91.90
98.27
181.8
165.9
181.4
57.98
129.0
157.1
120.6
28.79
61.68
105.5
91.71
101.2
146.1
110.5
122.8
20.44
119.3
21.27
134.8
111.5
80.89
29.23
70.91
26.36
42.98
150.4
119.1
24.67
146.0
150.0
20.64
128.4
20.20
177.5
50.66
20.55
181.8
122.5
82.74
31.30
79.62
140.0
190.1
159.3
170.5
30.00
40.88
73.10
83.51
45.53
137.8
159.9
81.85
75.47
162.5
22.18
140.1
129.3
158.0
118.0
130.6
120.1
129.1
147.9
49.04
169.7
39.99
89.44
139.1
20.43
184.8
105.0
55.35
169.0
39.74
30.81
205.0
199.9
111.3
124.6
161.0
20.69
124.4
177.5
65.07
155.0
20.11
20.31
121.0
170.8
76.60
21.03
155.0
51.31
173.4
148.8
86.46
140.6
196.8
24.47
64.56
40.68
41.17
89.60
192.8
20.41
82.73
77.39
152.7
91.43
160.9
31.45
155.8
20.10
33.59
42.04
41.29
136.1
164.7
20.63
21.08
23.06
180.5
20.10
24.30
32.74
104.4
213.9
109.1
87.11
175.4
216.7
20.46
20.18
21.18
20.49
20.32
20.15
24.25
39.50
43.71
20.17
156.3
139.1
136.1
100.9
65.05
62.62
61.41
94.05
68.22
54.16
24.73
49.95
59.01
28.23
50.96
21.92
68.62
172.3
27.79
67.31
133.6
34.21
61.08
39.30
40.10
99.29
20.13
70.71
186.2
144.9
119.7
58.05
111.9
36.06
25.14
25.72
142.7
143.3
22.08
20.05
194.6
178.2
109.1
181.3
20.08
195.9
121.6
27.64
124.7
160.0
95.37
145.3
34.96
115.8
68.68
109.6
53.44
33.51
54.92
149.2
156.6
85.77
101.0
103.5
21.14
61.90
167.0
48.84
99.91
21.82
93.44
33.17
123.7
181.9
131.4
35.80
31.71
180.1
25.97
166.2
138.6
23.80
22.38
155.5
26.37
94.89
88.78
126.4
88.38
174.3
151.2
29.77
153.5
105.1
89.50
55.89
143.7
178.1
144.9
40.01
109.3
51.44
131.7
173.4
20.25
21.88
23.78
26.26
28.70
26.93
23.67
20.18
20.15
64.30
107.7
143.4
138.4
38.32
133.1
182.3
35.20
101.2
211.4
83.71
149.3
168.4
99.20
134.9
128.7
189.8
113.5
42.14
30.52
192.2
98.68
39.79
149.6
21.03
94.21
146.8
80.60
144.9
138.1
37.20
29.83
193.2
133.2
79.29
25.32
39.41
118.2
116.6
110.5
114.7
151.9
176.4
137.9
128.5
52.67
68.81
65.13
46.84
135.4
130.8
123.3
186.4
20.21
98.60
35.15
164.9
119.2
49.89
204.0
169.0
23.66
139.2
183.0
96.93
73.35
34.29
125.7
140.8
119.4
103.8
29.02
149.3
21.65
23.09
24.90
26.63
26.31
26.46
140.3
40.74
159.0
113.0
137.4
59.17
88.11
60.99
199.8
39.84
165.9
74.01
33.77
125.7
20.62
75.03
105.4
162.5
91.80
133.9
42.33
60.36
26.74
181.8
129.1
20.39
171.3
70.18
188.7
153.7
32.48
163.9
117.5
113.6
156.2
26.18
182.3
125.3
114.8
30.09
52.87
26.18
152.8
51.77
38.93
95.10
33.63
144.5
104.2
173.3
23.09
155.5
109.0
32.87
124.4
129.1
20.14
180.4
185.1
190.3
34.55
31.56
55.74
20.08
113.7
110.6
20.78
193.6
115.6
132.5
62.56
185.0
51.88
138.4
108.3
154.4
91.18
25.36
76.41
150.7
94.54
30.64
76.91
42.50
69.77
83.47
174.2
24.02
173.0
143.2
146.4
21.59
59.76
96.55
163.3
54.34
162.7
20.52
31.79
142.2
33.92
174.9
85.57
43.85
34.69
88.26
31.01
68.27
212.2
37.01
163.4
172.8
185.5
41.55
158.5
83.06
147.4
111.2
60.70
39.15
20.90
123.5
20.06
20.62
40.49
33.09
179.1
120.1
35.20
97.05
152.9
152.2
24.18
188.8
93.51
100.4
32.54
66.86
61.03
20.67
197.3
129.6
48.76
134.2
21.74
133.9
108.9
124.1
29.59
179.1
21.96
111.0
96.22
34.77
168.9
186.1
184.3
24.42
58.94
27.60
42.80
24.31
97.59
165.2
154.5
159.7
38.14
97.68
140.0
20.32
85.52
24.60
158.6
142.3
183.0
38.71
107.3
24.73
112.6
157.6
36.77
120.9
153.8
188.7
125.2
92.33
114.2
128.3
113.3
205.6
163.3
164.6
40.33
88.71
121.7
141.5
51.88
28.18
138.3
141.7
169.8
107.6
162.3
109.5
59.95
162.1
128.5
77.72
155.6
60.60
132.6
122.7
39.56
98.25
143.0
42.35
160.4
132.2
55.54
112.4
112.7
129.5
22.93
26.68
21.30
177.4
66.42
143.6
103.0
85.13
187.2
108.1
27.24
108.7
31.46
135.1
33.82
126.4
64.91
20.30
22.64
20.85
73.66
39.90
69.73
120.1
167.7
128.7
31.67
29.27
139.4
187.6
142.5
149.3
173.1
171.6
121.9
81.16
29.72
127.7
67.78
24.50
192.5
29.21
138.6
91.77
160.7
136.3
63.92
124.3
120.3
110.5
114.7
184.9
148.7
82.82
201.1
30.69
37.41
157.9
63.00
104.4
125.9
103.2
181.9
197.0
26.09
175.1
30.99
112.2
35.93
113.4
141.3
162.0
32.58
148.0
143.4
26.82
27.45
20.61
143.7
115.8
140.1
80.75
125.7
162.3
103.3
65.48
152.4
151.6
33.44
150.2
44.54
64.61
219.0
27.17
118.7
48.70
157.2
140.9
150.7
48.34
20.29
61.53
128.3
108.7
27.10
166.6
195.6
106.1
114.2
181.6
202.6
24.24
116.5
193.8
178.1
178.2
66.55
92.26
59.87
120.5
68.18
195.0
30.75
202.4
73.26
182.5
110.8
43.35
155.3
105.0
93.79
56.41
51.43
172.2
26.31
176.3
43.96
80.54
122.4
34.51
59.57
149.4
126.1
152.6
91.97
179.1
255.9
159.8
53.53
28.00
183.9
41.39
203.1
46.77
100.8
193.6
88.32
70.63
157.6
30.13
59.15
31.49
37.18
149.7
65.90
67.51
78.73
146.2
151.8
146.5
77.66
22.60
151.0
184.8
66.86
31.34
41.83
77.70
135.2
180.3
168.6
134.7
71.64
122.9
53.72
31.78
27.23
52.14
120.4
21.03
128.4
98.98
75.63
31.29
166.9
43.89
34.46
96.63
54.89
58.84
111.1
131.0
161.0
176.8
20.06
20.10
197.2
152.7
95.12
20.42
118.9
131.1
20.46
21.01
123.4
21.63
90.85
143.4
170.9
116.9
20.16
21.31
27.38
93.04
25.83
35.72
30.54
32.21
30.37
79.85
61.09
157.2
130.2
37.74
203.2
141.0
35.95
122.3
98.21
165.4
100.8
127.9
177.3
130.5
20.06
67.54
146.6
199.5
35.02
114.7
82.22
86.02
31.99
153.9
138.4
32.06
150.3
153.4
195.5
94.50
27.98
120.1
71.54
35.33
130.8
63.96
117.8
161.2
103.6
36.09
145.1
45.94
20.55
32.40
41.88
145.1
125.6
191.9
63.51
116.5
40.49
110.1
119.5
20.51
23.81
152.4
27.72
47.64
90.01
52.44
108.7
66.14
151.5
116.2
133.8
31.88
50.00
34.42
20.56
119.1
124.5
108.7
189.2
69.53
32.10
29.78
62.93
20.33
171.7
34.33
85.86
167.9
144.5
191.7
211.6
29.97
79.60
107.0
187.0
104.4
150.2
22.23
192.8
40.72
34.17
134.8
59.74
162.9
76.90
160.2
152.3
93.18
43.59
216.6
90.46
45.19
145.1
75.67
156.1
180.5
66.64
135.9
136.2
51.87
143.0
38.83
122.6
51.76
105.3
103.7
88.34
83.68
95.89
177.8
98.60
144.8
33.68
58.90
154.6
111.0
23.51
127.7
175.8
183.2
20.42
183.6
154.1
22.05
38.99
111.2
177.1
136.8
130.5
41.57
73.22
23.40
217.1
119.1
154.6
22.86
92.33
134.8
29.95
24.87
21.64
95.59
101.6
130.5
162.1
127.6
20.10
129.0
177.3
167.5
177.7
145.7
120.0
65.06
154.1
43.85
118.5
48.01
20.30
140.4
20.48
26.68
141.2
151.3
60.50
112.8
152.8
70.50
162.9
174.7
94.83
124.7
76.28
93.65
112.1
85.89
154.2
175.1
161.9
213.4
137.5
173.0
29.44
199.5
188.0
48.08
23.38
27.72
170.0
106.1
113.1
30.19
142.3
127.3
124.9
119.7
122.8
149.0
49.15
170.2
20.27
116.6
163.2
102.0
120.2
119.3
178.0
99.21
206.7
133.1
147.8
158.1
126.1
187.9
142.7
179.6
135.8
138.1
135.5
139.6
20.07
21.46
133.9
178.7
29.74
90.57
162.0
86.49
98.72
208.6
20.05
143.6
180.4
85.15
35.72
96.27
92.67
66.36
152.5
38.67
73.53
153.9
177.8
30.04
175.3
192.0
21.80
41.41
156.3
124.9
153.5
160.1
35.77
130.0
162.9
173.5
88.93
91.39
178.1
116.7
183.8
174.4
107.6
101.2
66.84
178.4
165.7
130.6
31.32
176.9
114.1
63.39
38.85
94.69
77.06
94.15
29.48
56.77
82.78
98.78
124.5
125.5
176.8
148.6
20.75
150.8
28.48
127.8
110.6
130.6
27.73
168.6
98.00
51.86
42.50
36.60
108.2
160.9
27.73
143.9
144.0
107.6
102.8
103.8
82.26
105.4
132.4
27.49
36.51
151.2
191.1
184.8
134.4
232.5
164.5
161.1
135.3
48.93
140.5
38.09
114.0
147.5
165.9
55.97
199.8
170.5
151.9
51.75
211.2
197.3
20.86
140.3
56.40
125.4
140.2
190.0
62.67
71.35
114.2
69.23
80.20
41.27
137.5
59.23
94.47
173.0
103.0
80.59
29.99
142.4
39.40
94.68
121.3
96.27
181.1
39.55
89.56
223.3
126.6
126.8
22.83
23.43
21.30
112.5
184.2
34.35
90.00
88.42
179.0
188.5
194.0
39.83
37.95
163.2
162.8
188.8
73.06
20.14
21.17
39.09
63.62
39.91
104.1
38.40
109.1
126.2
21.53
167.5
146.1
25.12
94.94
162.0
99.99
23.61
149.0
48.64
42.90
40.34
29.28
143.2
149.9
45.25
25.46
179.2
118.7
127.9
23.21
118.6
52.04
150.7
145.9
26.74
157.4
55.28
27.33
30.35
83.51
50.91
156.5
93.53
94.74
110.3
92.80
174.1
26.08
106.8
105.2
141.3
103.6
155.8
38.95
123.9
158.9
130.3
34.05
40.21
171.5
20.87
20.25
168.3
27.89
104.7
110.5
130.4
159.6
115.5
85.83
22.44
61.42
36.93
36.22
22.67
36.01
92.59
195.9
133.8
27.48
27.68
33.84
159.5
101.8
201.5
130.2
20.63
159.7
108.5
144.3
137.5
222.5
107.5
132.2
169.2
21.34
21.50
100.4
28.76
20.63
67.71
161.8
191.6
131.4
151.8
63.53
103.1
92.79
122.4
125.3
166.6
74.67
111.3
129.7
107.0
40.32
30.64
180.3
148.4
104.5
168.4
24.59
20.31
20.20
171.5
169.2
110.9
123.8
75.42
184.2
112.2
137.0
41.60
29.51
85.59
77.47
43.04
48.72
110.7
46.43
125.6
112.2
67.95
124.3
177.5
99.52
23.78
36.69
99.67
117.4
209.9
119.5
65.46
26.38
134.9
40.57
180.3
189.2
106.6
138.5
48.33
57.18
213.1
135.1
221.9
24.51
117.7
98.71
113.9
54.00
191.5
33.72
20.95
195.1
150.0
24.85
27.94
161.1
20.09
20.27
50.11
135.6
142.9
139.1
29.07
122.7
150.8
117.0
74.73
174.3
180.6
34.01
179.1
151.9
165.9
33.34
58.10
78.22
33.30
83.13
38.83
70.77
160.8
137.1
168.1
96.33
42.63
29.29
25.16
105.3
55.12
141.3
24.88
32.24
199.7
38.02
87.13
66.63
25.45
141.9
128.9
94.40
179.5
107.3
133.2
163.3
149.3
176.8
221.7
21.39
20.21
20.11
25.71
159.3
80.17
180.0
178.5
20.92
136.3
118.3
62.07
212.9
88.90
162.9
25.05
137.9
100.9
27.27
59.62
138.3
127.5
139.2
200.0
104.5
60.75
21.91
46.55
45.78
119.6
132.2
50.33
154.1
120.1
20.12
26.64
70.62
23.69
74.60
128.3
163.7
79.79
47.19
70.24
39.91
113.8
145.8
59.86
94.31
71.54
141.4
156.5
20.12
188.7
159.8
102.4
20.29
139.0
20.83
129.0
48.51
88.45
33.23
43.19
153.1
64.91
235.1
114.4
24.63
121.5
54.05
31.27
27.40
142.7
80.22
128.5
135.9
104.7
126.5
61.08
35.49
24.26
55.29
22.21
122.9
84.73
143.0
144.0
122.4
34.21
120.1
100.8
38.89
108.9
150.0
37.55
27.14
59.02
25.61
182.7
65.61
146.0
182.5
55.55
106.0
112.1
43.14
147.7
106.5
134.6
180.1
23.92
148.5
50.05
136.6
21.63
21.51
53.86
166.9
70.69
22.36
119.0
128.4
35.08
21.14
169.1
50.07
187.2
160.3
121.5
25.64
166.5
102.6
122.4
33.82
109.7
26.88
143.2
117.4
20.09
164.8
146.7
220.9
26.40
143.1
139.7
116.0
185.4
30.17
35.70
22.65
77.68
165.5
131.3
127.4
152.2
177.9
28.57
165.8
86.86
41.75
111.9
114.0
143.2
52.53
171.1
52.82
187.6
40.67
111.7
103.5
34.67
151.0
68.94
121.1
120.3
118.4
150.4
174.8
156.5
30.23
40.04
155.6
114.0
103.5
171.3
136.7
162.0
190.0
132.9
69.51
131.5
176.7
80.93
32.51
130.9
193.6
166.8
130.0
173.1
21.37
127.2
34.89
60.82
20.87
24.17
211.6
21.35
20.44
20.13
22.46
45.94
40.16
102.3
131.9
31.97
113.1
232.1
38.55
135.4
86.20
146.9
97.16
138.6
52.69
179.0
47.25
102.4
176.9
148.4
22.85
156.1
118.3
33.16
22.03
198.4
20.26
29.51
26.49
69.36
78.39
105.0
125.3
132.8
158.9
51.12
182.4
162.0
38.60
170.8
187.5
70.86
96.95
147.8
36.05
40.92
58.86
194.3
131.1
24.17
29.09
152.9
151.6
101.5
87.85
105.8
191.4
140.7
40.54
90.08
60.12
107.4
148.2
61.52
194.1
229.0
137.7
135.4
162.5
84.48
133.2
115.3
24.13
104.3
96.12
81.87
76.12
156.4
49.66
156.8
51.27
49.59
193.2
98.49
20.58
151.2
201.8
29.46
163.7
143.0
39.82
164.5
105.1
108.0
164.7
149.2
44.76
156.9
62.27
155.0
147.3
53.87
20.75
93.41
168.9
200.5
140.0
27.33
64.67
82.29
20.78
20.37
25.75
63.53
80.67
57.19
73.31
119.6
28.41
174.9
20.39
73.93
30.35
104.0
32.29
110.4
104.0
142.3
64.42
141.1
141.4
138.3
172.6
40.90
98.91
141.9
168.9
64.72
172.1
46.22
146.1
24.95
154.2
151.0
183.9
60.85
100.3
28.42
109.5
43.59
123.3
37.37
35.09
38.35
101.5
135.2
201.5
198.8
152.1
24.54
191.7
73.09
106.3
166.3
104.5
136.2
62.71
30.93
162.3
174.5
45.24
24.68
20.09
72.85
159.3
40.37
115.8
164.0
206.3
32.33
24.57
183.6
182.8
96.63
120.1
83.13
151.1
169.6
133.6
56.49
164.7
156.0
185.5
149.6
96.30
113.8
54.60
196.3
141.1
40.31
101.8
80.01
24.63
134.4
142.1
20.55
109.8
200.6
41.38
171.7
35.21
188.0
126.3
130.6
196.0
120.9
24.87
35.83
188.5
142.0
141.2
177.5
60.54
62.91
111.4
142.3
115.0
22.43
20.32
26.88
105.3
137.3
125.7
152.1
147.0
42.33
147.5
215.5
123.9
88.59
183.8
57.96
23.24
89.39
157.3
135.4
37.07
106.7
116.2
178.6
40.07
155.3
30.20
153.3
103.0
115.3
26.29
110.8
153.6
190.6
133.2
40.99
124.6
123.1
130.3
152.8
137.7
175.7
110.3
110.2
72.20
91.55
117.1
127.6
150.0
52.26
40.05
111.2
26.65
94.70
34.81
133.8
81.01
41.34
26.45
28.66
30.97
46.29
137.1
188.0
99.49
94.16
122.2
89.84
101.2
28.36
37.27
175.7
135.2
85.50
162.9
179.8
25.41
21.97
109.4
163.0
109.5
42.72
145.4
136.9
120.0
35.83
60.65
148.9
142.2
111.5
53.13
55.14
54.12
111.8
115.0
140.1
113.2
174.2
34.41
70.40
49.53
36.51
100.8
26.07
159.3
135.7
172.6
43.21
102.7
31.89
131.6
20.67
30.55
189.1
48.00
23.41
94.10
141.0
159.7
24.72
154.3
42.44
21.91
154.8
20.51
22.65
20.12
108.9
23.01
54.76
31.59
175.5
65.84
171.5
28.35
121.5
68.77
67.64
60.12
157.5
83.27
29.98
41.82
44.84
99.08
46.21
162.8
162.0
49.45
20.32
50.02
21.00
26.27
129.0
134.0
225.1
20.62
28.83
53.53
114.6
164.4
25.83
129.7
20.97
151.4
31.59
149.5
46.19
174.2
38.39
145.2
124.5
57.47
199.0
53.71
139.9
185.3
71.22
72.00
93.56
109.7
125.7
143.1
127.3
198.7
170.7
29.87
87.95
24.06
146.5
180.3
145.4
98.22
25.04
194.1
37.20
38.97
162.0
145.2
25.08
43.56
204.8
99.20
157.5
101.1
25.42
127.1
98.75
111.0
125.0
95.03
20.06
219.6
135.1
21.01
188.1
171.3
164.1
37.16
38.82
37.49
134.1
127.1
88.85
150.7
34.58
173.1
190.3
87.77
112.9
165.3
43.87
20.07
30.62
129.9
99.69
24.93
66.36
152.8
158.7
156.7
25.96
95.64
122.1
112.4
201.6
27.38
25.04
129.4
20.43
73.18
53.74
151.4
80.51
169.1
98.78
125.4
88.05
83.63
30.61
91.39
171.7
108.6
80.93
24.05
168.4
187.4
195.4
33.98
24.25
41.70
172.0
83.81
160.0
167.4
41.38
64.52
75.91
177.9
40.67
123.6
88.73
45.39
116.9
145.9
74.73
214.2
28.14
132.0
55.34
62.12
156.0
196.8
185.9
29.88
163.6
139.6
36.12
151.3
175.2
177.5
32.69
133.9
59.35
160.8
84.53
159.3
25.95
74.55
73.90
61.62
109.5
115.6
129.5
121.2
31.52
37.26
107.1
67.05
168.4
87.52
23.92
99.79
104.5
111.1
106.5
98.70
181.9
158.5
92.62
158.1
72.53
45.29
27.06
107.5
42.34
42.95
141.3
181.1
180.3
142.9
20.06
20.23
20.06
20.97
227.4
137.5
28.37
197.2
172.9
37.46
46.83
126.6
182.2
105.2
106.1
171.0
182.9
53.21
131.5
164.2
101.0
77.12
99.29
204.4
38.62
21.03
139.4
22.58
127.9
159.1
206.9
56.67
142.9
20.40
45.23
43.46
26.85
160.7
177.3
20.38
143.5
129.4
166.1
108.4
165.5
113.3
177.8
157.8
108.4
39.76
73.62
49.87
69.12
165.4
147.5
102.5
61.14
120.6
25.93
238.6
202.5
32.67
48.57
75.99
39.32
151.9
45.41
105.7
112.5
174.1
54.73
160.2
143.3
46.92
24.44
124.2
222.4
26.20
137.0
130.9
22.86
96.49
128.6
131.4
123.5
136.2
169.9
135.7
131.6
25.32
101.8
143.5
109.5
54.89
29.16
93.44
57.28
166.4
121.4
150.6
20.06
30.11
51.32
128.9
102.4
130.3
144.2
94.47
119.5
92.37
196.6
141.6
145.5
104.5
20.98
78.50
103.4
53.17
107.6
29.82
36.07
181.5
106.7
130.3
71.85
112.3
148.7
22.31
169.2
113.8
120.5
238.1
110.5
92.28
135.6
36.83
79.71
116.4
127.9
143.1
45.45
136.5
171.9
136.8
73.64
25.86
24.03
148.5
62.02
109.3
28.10
20.11
26.44
52.91
22.76
154.0
29.20
25.08
56.70
78.58
107.3
135.2
174.4
92.75
104.6
37.71
118.6
128.4
134.9
39.43
72.23
94.64
267.4
22.07
20.26
20.68
20.21
20.12
93.60
153.5
39.96
135.5
106.5
184.6
199.4
71.42
58.62
20.21
173.9
129.7
91.14
25.21
42.79
45.84
163.0
141.9
58.76
183.0
74.88
20.58
108.8
106.8
94.11
46.46
142.1
108.0
24.67
30.92
60.90
120.7
91.42
69.83
29.65
178.9
100.2
116.4
58.42
96.13
27.85
55.36
137.7
102.0
106.4
125.0
150.7
162.9
118.0
144.4
34.50
105.2
120.6
113.8
62.14
154.7
112.3
23.34
121.0
61.36
156.1
131.6
66.73
163.7
123.3
184.0
50.57
54.40
25.91
110.9
126.2
120.5
165.6
169.6
122.8
166.2
149.3
157.9
197.5
20.35
170.3
51.18
153.4
145.2
52.64
147.2
172.7
47.12
106.0
138.7
55.50
174.3
118.9
114.8
155.2
50.62
101.7
144.3
144.4
20.59
81.65
73.80
157.2
24.85
164.4
41.69
69.16
222.1
127.9
27.76
121.3
113.7
47.05
146.9
66.65
82.75
124.1
156.1
133.5
158.8
180.4
157.9
186.1
70.83
151.4
44.81
80.61
125.9
54.66
74.91
22.47
61.20
31.31
123.0
51.94
95.07
167.4
133.7
41.05
165.7
79.23
26.31
36.35
92.90
61.21
32.20
21.38
200.5
29.39
108.7
24.66
21.00
108.0
171.5
175.8
68.73
126.1
154.7
63.92
173.4
33.54
26.69
70.17
159.3
114.9
78.29
169.4
149.8
149.4
20.69
162.1
29.04
64.46
26.07
25.91
150.4
23.10
51.95
46.56
28.77
166.7
187.7
83.97
20.35
199.9
39.67
123.0
44.19
36.16
116.9
34.78
24.93
27.46
111.8
180.3
153.1
163.0
185.8
99.28
27.67
161.7
48.78
31.37
169.8
169.9
115.0
38.33
82.40
115.1
192.4
94.64
32.41
174.3
25.54
59.58
60.96
126.0
180.8
51.64
191.1
30.27
27.59
152.6
116.5
100.1
176.8
20.15
130.1
168.2
143.0
20.25
20.64
50.10
84.81
37.01
63.66
129.9
150.7
49.83
23.28
135.9
34.29
136.4
111.1
67.54
25.72
195.7
36.26
97.53
137.7
20.98
129.6
121.1
132.7
198.6
153.0
192.9
42.79
161.3
73.38
34.24
164.8
35.38
152.4
49.92
48.15
128.0
98.04
148.4
122.8
63.93
156.6
59.97
33.09
34.45
120.2
120.6
119.5
146.9
38.27
151.2
42.54
134.4
106.5
33.12
130.4
121.4
71.72
40.77
21.35
149.6
94.79
139.5
156.6
113.6
92.02
108.9
21.20
153.4
73.04
24.61
66.34
162.5
74.36
165.2
73.44
33.26
160.9
104.2
21.21
21.66
187.6
134.9
54.54
164.4
42.07
70.44
24.13
60.49
47.61
106.4
56.12
55.00
30.30
142.3
33.03
108.5
64.41
168.4
170.4
108.5
230.2
187.9
195.9
29.83
40.95
199.5
142.3
24.52
49.29
113.6
40.75
155.0
155.3
187.0
173.7
41.48
157.7
117.7
142.7
113.3
63.93
167.7
176.5
78.03
140.5
153.0
53.56
79.95
71.16
142.5
94.97
85.33
93.36
38.86
98.84
134.7
41.88
87.64
63.43
25.63
56.38
178.2
26.25
173.3
150.3
190.5
158.0
22.82
80.41
139.2
174.4
34.84
24.36
166.3
180.7
158.9
170.0
83.09
104.1
49.04
155.6
123.1
42.73
144.9
30.49
100.3
134.0
55.59
138.7
113.0
71.13
89.94
116.3
62.90
20.17
20.39
65.32
30.30
166.7
197.6
58.42
143.9
94.41
72.12
152.7
120.6
20.41
25.97
20.13
40.82
135.0
150.2
79.24
37.78
132.0
64.28
132.6
114.5
55.29
165.4
23.84
96.90
121.9
24.44
41.11
41.33
141.1
174.9
132.1
126.9
29.35
21.99
209.2
141.4
59.63
86.49
141.2
136.5
188.6
23.72
26.07
98.29
20.21
31.23
93.16
147.5
28.24
69.76
94.52
152.7
145.2
22.28
123.7
73.21
98.77
114.0
93.28
197.5
181.6
24.55
87.36
172.8
139.9
66.64
109.6
109.3
135.6
174.8
187.9
145.0
96.73
204.5
126.1
48.88
40.59
116.4
137.0
153.8
145.8
204.9
65.47
122.6
154.3
127.1
32.11
182.8
70.54
26.53
174.4
36.24
181.5
145.7
138.6
197.7
21.53
192.8
34.67
124.1
145.9
140.3
177.0
121.6
22.62
144.9
20.66
151.9
176.3
152.6
149.0
142.1
110.4
26.54
57.05
38.45
168.8
142.1
141.4
147.0
22.73
114.7
75.44
64.55
60.64
162.8
164.1
36.81
20.05
20.18
129.6
184.8
177.4
75.44
32.92
44.45
31.21
163.5
179.6
141.2
159.6
83.34
67.74
144.2
119.9
97.65
45.72
90.82
162.5
185.4
30.18
94.82
160.2
25.19
98.11
141.3
197.5
109.9
21.31
33.20
132.6
56.00
122.9
153.9
20.44
131.0
66.73
92.52
43.76
37.17
102.4
109.5
124.0
43.73
152.2
20.42
128.8
190.2
40.58
21.66
140.0
20.12
128.9
58.64
196.1
26.66
115.6
191.0
184.7
147.9
153.5
132.7
132.9
29.95
196.0
112.0
183.5
129.4
114.1
58.38
31.35
114.8
51.92
28.54
84.84
203.7
53.81
58.91
200.1
169.8
168.9
188.4
29.16
76.63
184.9
33.96
45.10
217.7
135.4
28.17
131.1
129.6
28.17
134.5
110.2
108.2
150.1
118.2
101.5
108.6
111.1
22.38
124.8
20.21
151.8
159.8
160.1
99.74
22.00
162.5
167.5
23.77
105.5
40.72
186.7
27.90
113.6
39.35
31.04
219.9
105.1
125.0
24.14
168.7
172.2
36.47
38.48
127.5
21.92
188.8
44.66
67.46
133.9
132.3
124.3
110.0
184.3
120.1
31.88
28.25
71.02
52.31
62.74
182.9
40.21
231.6
81.26
149.8
30.26
105.3
141.6
143.0
119.5
23.07
58.58
190.8
161.1
20.73
199.1
117.5
48.29
29.95
128.2
163.1
96.81
198.1
204.2
147.2
84.60
22.20
118.1
32.76
167.8
120.9
171.4
33.93
26.21
24.22
124.8
64.04
35.06
140.3
66.50
126.4
165.4
76.90
202.2
172.9
160.8
132.2
21.99
35.91
110.0
71.86
153.7
119.3
20.18
81.84
38.59
87.19
113.3
122.4
112.4
37.93
55.59
135.9
106.7
22.31
52.00
27.88
90.50
131.5
152.9
90.27
170.9
191.8
25.72
116.8
149.2
106.2
185.3
173.0
93.26
153.2
156.0
22.83
105.0
30.16
34.09
143.5
138.1
131.0
111.9
176.0
35.42
176.2
40.15
110.5
162.4
122.3
174.3
104.7
57.74
28.37
76.28
20.32
161.0
195.5
138.6
184.2
155.9
188.0
127.1
199.1
22.39
53.95
154.3
192.8
139.9
80.36
212.5
36.73
109.4
45.00
22.75
124.4
42.80
128.2
215.2
29.33
112.4
31.20
39.09
122.3
114.7
138.7
161.4
78.08
39.38
49.58
146.7
20.10
75.67
23.66
161.5
26.22
28.22
20.08
75.19
29.80
160.8
174.5
190.0
123.1
114.9
225.4
116.4
127.6
162.8
158.1
113.6
114.5
175.8
26.73
29.12
22.65
157.9
109.8
25.17
137.1
209.9
56.70
147.6
112.9
93.76
20.43
201.8
25.21
122.7
178.2
31.15
77.75
158.3
29.97
157.8
202.3
108.6
76.12
118.3
40.25
124.8
172.6
97.51
20.21
160.0
132.2
184.2
216.4
43.68
58.31
168.1
167.9
72.47
102.0
87.14
43.46
202.5
144.5
72.59
21.02
118.9
124.6
125.2
154.7
141.7
102.8
59.71
124.0
113.8
116.5
34.47
213.2
134.5
111.4
50.77
25.78
21.62
41.52
109.2
40.12
136.0
48.31
120.6
85.69
87.53
154.8
118.7
105.2
146.4
20.10
65.90
156.5
134.2
42.77
156.1
65.90
132.0
28.77
68.06
23.27
123.8
161.0
105.4
94.53
105.1
130.0
187.7
122.0
123.4
56.50
125.5
29.30
65.61
39.70
81.61
29.99
103.3
24.91
27.18
163.9
22.74
27.04
48.34
173.3
38.14
98.48
213.2
155.2
56.27
56.75
134.8
148.1
155.0
45.01
40.61
89.82
72.69
60.04
112.2
28.63
104.6
179.5
123.4
167.2
25.46
78.67
143.1
133.9
35.25
20.73
59.64
110.9
125.4
30.98
124.9
52.19
140.6
123.3
158.1
175.8
55.19
129.5
122.9
84.16
37.71
98.25
134.2
68.49
132.3
28.06
59.40
34.46
32.62
121.0
62.34
173.1
75.28
136.7
101.2
107.6
124.5
88.98
26.40
127.3
28.23
140.9
153.5
146.3
36.74
109.6
154.6
166.9
130.0
38.34
25.81
141.7
132.3
34.50
31.90
121.7
170.0
181.5
163.9
52.61
21.08
109.1
107.4
135.0
91.01
137.7
109.9
23.84
58.71
102.9
224.2
128.4
143.0
136.6
192.6
32.85
150.6
135.6
100.3
147.0
33.23
171.8
75.40
125.1
35.10
200.7
126.8
134.7
104.6
175.9
122.3
120.4
40.02
152.4
25.73
157.9
129.9
135.7
202.2
168.6
77.95
98.09
130.5
59.02
175.2
112.3
32.99
136.1
173.8
182.7
166.9
143.4
55.77
28.65
46.49
89.82
20.92
143.9
192.0
20.19
150.4
166.3
106.1
177.7
94.84
86.01
72.66
108.6
20.27
197.8
116.7
158.8
161.2
166.7
25.68
22.75
21.93
45.70
31.89
79.88
94.57
117.2
164.7
40.77
40.55
21.22
54.19
165.1
27.38
49.23
166.4
45.96
134.0
45.40
186.6
118.2
124.3
160.3
115.3
110.4
176.3
20.28
100.7
120.4
47.36
181.3
48.10
102.2
44.07
117.9
20.93
109.3
107.3
61.82
41.85
28.28
52.78
135.1
193.4
111.1
69.95
68.14
20.62
21.44
103.2
132.1
46.04
64.20
20.39
21.44
20.87
21.69
20.34
23.81
182.4
148.0
68.01
119.0
143.9
29.22
41.80
52.84
29.38
133.9
245.7
132.6
59.27
170.6
111.5
26.50
110.4
138.4
151.1
20.13
52.66
172.8
44.02
26.84
138.6
129.8
143.0
136.5
151.0
27.14
141.4
110.4
123.5
24.83
49.90
156.9
127.7
24.53
116.2
28.27
28.31
167.0
65.32
105.7
120.1
92.25
91.83
47.84
92.27
33.03
29.23
114.0
112.1
107.8
182.7
149.8
80.59
27.29
56.65
178.2
105.0
20.11
21.31
31.81
124.9
130.2
179.7
30.33
26.43
91.48
77.99
125.2
92.30
70.19
87.41
33.45
25.07
74.56
158.6
37.85
45.88
120.7
67.35
46.59
31.86
161.8
107.8
47.68
105.4
116.3
29.29
20.11
136.2
195.8
94.00
216.2
185.4
74.83
209.4
145.1
136.4
154.5
33.29
93.84
20.15
200.3
45.53
91.39
44.50
26.99
125.9
184.0
169.0
116.5
82.04
120.9
28.83
161.3
162.2
42.36
92.97
56.15
189.4
211.6
152.2
155.3
57.97
49.81
20.92
70.25
25.68
193.8
94.27
74.43
103.8
154.7
55.86
116.7
20.33
52.92
194.0
157.3
115.1
134.6
25.10
190.8
195.1
77.03
85.98
48.22
125.3
57.15
192.4
114.6
50.03
200.2
110.9
71.18
49.04
181.9
36.89
174.2
90.36
202.3
59.42
130.4
114.5
67.01
132.4
121.5
107.4
51.14
44.32
32.75
47.33
155.0
134.6
163.2
129.8
25.23
26.64
100.8
20.50
22.67
129.3
120.3
139.4
57.31
45.14
134.8
139.7
21.18
30.48
20.44
166.6
25.22
56.37
70.27
40.19
168.0
157.6
167.7
123.8
130.1
153.1
154.2
20.76
21.25
127.5
180.7
159.9
159.8
25.82
192.2
97.95
161.8
162.0
29.73
34.24
97.13
101.9
32.87
129.3
54.94
200.7
137.9
132.0
164.0
138.8
172.4
25.54
110.4
161.2
117.6
122.5
93.67
37.23
140.3
163.9
134.1
104.0
146.1
23.37
32.66
129.9
39.89
39.27
32.40
45.74
123.9
152.5
129.7
27.33
112.7
20.57
50.46
171.1
172.3
127.9
110.7
147.5
77.35
160.0
52.25
28.96
117.6
76.96
59.35
39.70
159.0
132.9
47.60
121.1
20.90
173.6
27.34
104.7
20.41
132.2
34.87
115.8
64.64
134.7
20.65
163.8
178.4
20.76
20.15
87.38
20.05
27.89
25.09
170.0
100.7
178.2
176.2
69.88
32.78
125.5
27.29
80.07
87.32
45.55
128.5
25.24
21.01
21.54
124.4
184.8
147.2
37.78
163.0
140.4
122.2
145.5
110.8
133.8
179.5
96.18
137.5
71.61
117.9
124.9
72.82
88.79
114.6
47.17
106.9
120.8
157.5
121.0
35.20
102.0
147.3
140.8
23.31
177.3
199.6
162.7
20.19
30.20
82.71
131.1
137.9
67.40
150.8
96.82
188.5
30.60
220.9
226.1
86.39
136.7
154.6
22.65
106.5
48.90
128.9
164.6
107.9
39.65
120.2
127.9
138.3
24.69
202.4
26.10
22.15
26.35
48.59
139.8
85.28
48.12
155.7
26.67
66.94
62.57
31.67
133.7
44.74
152.0
211.9
147.3
185.2
131.6
62.78
57.32
175.6
128.8
206.6
150.3
107.1
52.82
180.3
94.41
96.67
35.10
164.9
130.8
68.51
43.11
155.7
164.0
57.60
108.1
168.1
167.6
75.92
20.11
60.43
23.44
109.2
67.65
199.7
183.5
31.11
99.30
123.5
157.9
197.2
167.5
94.21
187.2
70.43
195.9
20.46
21.14
62.45
177.3
84.59
94.75
35.68
30.02
154.7
152.8
34.64
20.82
20.24
20.50
31.18
178.3
172.7
61.10
102.5
183.7
36.53
106.4
79.88
113.9
127.7
28.59
87.16
28.87
165.7
136.7
172.7
35.10
120.4
21.04
196.6
141.7
182.7
22.63
64.02
34.07
90.24
165.2
29.91
132.8
31.05
164.9
80.31
113.3
194.2
179.0
187.0
20.40
21.79
149.1
155.8
171.0
30.31
52.31
43.66
95.69
150.4
55.73
40.97
117.1
44.52
38.74
149.2
109.7
41.19
31.50
48.66
33.00
23.70
117.6
133.3
64.19
98.06
90.68
132.3
64.98
166.6
186.1
158.9
144.1
169.1
23.05
27.28
123.3
96.37
150.7
121.6
94.90
202.1
118.1
35.46
20.73
51.59
113.9
115.3
147.3
21.01
140.4
153.3
141.1
143.4
86.34
59.84
162.7
108.7
26.98
22.76
148.5
36.21
173.7
139.7
181.3
153.0
213.9
27.96
100.3
154.2
49.41
106.7
118.3
55.55
160.9
115.1
137.9
57.73
157.3
161.4
141.1
145.0
157.4
24.91
126.6
40.44
120.6
35.97
99.98
151.6
130.4
149.0
20.15
181.9
36.93
30.68
125.1
107.2
160.3
202.9
86.69
48.14
92.38
178.5
20.77
24.23
30.07
154.9
70.95
70.02
21.56
40.34
154.7
100.6
23.04
175.7
81.62
101.2
23.87
82.99
103.1
203.9
24.76
141.9
113.5
35.74
170.0
118.9
164.4
60.58
21.50
148.4
175.1
46.57
121.0
120.5
132.0
49.19
59.76
89.64
171.8
34.67
90.70
141.8
29.54
122.2
160.0
119.5
128.0
157.9
153.2
87.09
30.97
140.8
143.6
225.0
160.9
20.73
170.3
50.19
151.7
150.9
153.6
23.57
163.5
56.22
114.3
21.07
140.1
105.5
20.62
101.1
111.2
132.3
113.6
178.9
66.10
59.66
169.2
92.44
151.3
26.20
88.11
162.2
127.9
161.1
160.8
27.09
24.02
54.54
184.7
33.53
38.65
148.6
143.3
20.49
59.82
36.32
137.4
95.40
61.84
168.0
165.9
165.8
117.4
96.09
186.9
90.95
55.80
168.0
59.66
136.7
56.25
33.63
161.8
128.4
116.3
112.7
152.6
154.4
41.33
131.3
46.76
35.35
196.3
21.39
172.1
70.19
133.2
142.8
129.3
160.6
124.8
66.12
163.5
40.47
121.6
147.2
167.3
112.3
188.6
136.5
83.92
20.56
157.6
117.6
94.47
20.84
70.24
176.9
20.34
25.61
20.17
140.9
150.7
134.1
21.79
55.99
132.2
72.23
110.8
165.2
185.2
88.29
108.3
140.1
39.93
83.48
206.4
32.50
47.52
135.3
76.67
52.21
153.3
36.18
131.7
140.6
144.5
111.4
108.6
131.0
143.6
133.7
159.5
21.75
21.92
31.35
36.80
46.89
134.4
73.31
178.9
137.8
138.0
26.87
110.4
134.4
106.0
51.01
209.1
172.6
201.0
125.2
26.74
130.0
20.56
70.21
212.5
167.3
148.9
112.9
81.80
21.18
154.5
48.35
27.23
129.7
28.82
70.34
54.20
114.2
35.40
121.5
144.6
143.8
31.60
153.3
170.9
24.53
136.8
20.08
20.96
184.4
82.24
52.53
146.0
20.29
20.41
199.0
23.96
133.0
46.83
23.05
137.9
134.1
126.3
94.73
118.0
183.3
102.5
131.9
235.2
50.03
169.6
178.2
135.1
129.3
53.28
20.10
183.7
37.83
167.3
135.8
122.7
158.9
63.76
31.63
31.13
179.6
140.2
36.62
128.9
122.0
97.24
20.86
20.57
214.5
147.3
80.21
43.49
58.42
27.06
24.28
176.7
58.78
174.6
137.3
21.32
174.7
60.61
20.06
115.5
27.03
143.7
167.5
30.86
99.46
123.1
159.8
35.35
39.79
219.6
20.45
87.03
33.44
55.61
149.4
111.5
98.58
41.67
44.26
25.53
176.5
22.55
134.8
189.3
174.5
80.93
22.39
147.6
66.19
129.8
25.25
145.7
44.87
49.58
44.40
30.07
221.5
99.08
148.4
165.1
20.53
71.76
134.8
24.88
155.1
116.5
149.0
135.8
34.31
144.7
161.9
35.68
20.13
192.8
112.2
166.2
178.3
198.9
71.72
20.14
202.0
32.74
22.75
186.8
110.8
20.26
155.4
78.60
156.7
83.97
20.47
109.2
27.22
74.48
66.87
21.97
41.59
22.87
160.1
44.72
38.94
187.4
39.84
20.35
38.06
33.65
123.3
95.75
119.6
62.40
106.9
93.66
20.62
114.7
56.27
43.51
150.2
157.0
114.8
62.13
85.01
24.69
170.2
60.99
163.4
151.3
169.6
139.5
155.6
196.9
31.56
28.86
50.10
142.0
37.95
22.62
131.8
147.4
135.9
46.45
30.82
60.44
173.9
113.3
51.49
159.4
110.6
165.5
28.26
21.08
120.4
170.9
39.16
141.4
20.04
91.56
69.73
137.4
82.16
36.14
48.03
210.0
137.9
73.77
116.6
156.0
50.02
28.37
44.10
35.38
33.48
31.58
30.37
62.34
168.0
130.5
114.8
150.3
131.3
70.97
141.0
36.12
72.96
40.85
129.6
196.2
139.6
25.10
30.07
55.58
188.4
30.32
37.14
175.7
147.9
47.39
130.3
82.70
157.1
75.85
137.5
115.9
60.17
221.3
47.21
176.8
159.7
54.77
22.29
52.94
67.93
158.6
174.9
116.2
173.0
178.2
27.27
50.59
132.2
52.10
26.09
98.87
144.1
143.3
158.9
24.21
27.58
150.7
49.05
23.29
126.5
29.71
103.9
44.80
92.28
101.3
68.88
119.0
28.73
47.02
90.08
183.7
153.1
101.4
140.0
20.53
41.30
22.25
25.25
27.36
157.4
132.0
55.02
113.1
121.3
104.8
121.2
27.41
22.35
25.36
144.5
104.9
26.72
28.25
30.54
123.4
130.2
118.6
132.2
145.0
171.9
135.9
112.1
126.7
159.6
147.9
85.10
138.2
113.5
35.07
47.43
103.5
38.93
166.1
39.35
177.9
98.13
149.9
112.2
160.9
233.0
119.6
47.27
31.18
134.9
76.06
100.8
101.3
98.24
52.46
103.3
165.9
124.8
77.76
114.7
63.11
109.8
187.2
22.14
199.2
22.93
84.73
119.0
190.7
26.94
145.9
20.28
54.20
20.44
23.66
38.75
133.7
159.4
38.10
82.17
147.9
53.61
38.21
106.4
115.9
20.24
22.69
21.03
171.2
34.49
60.65
96.61
26.35
197.9
66.96
108.1
143.1
149.7
161.4
23.97
163.9
27.70
207.7
77.88
124.4
128.8
113.2
117.4
133.9
69.62
115.3
99.60
157.6
65.09
130.4
124.1
181.3
65.49
77.36
114.9
123.6
179.4
113.0
124.9
165.7
92.38
60.96
144.3
44.83
93.40
179.2
142.9
199.8
160.8
185.8
48.77
136.6
95.31
29.44
148.9
125.3
152.6
179.3
160.2
159.9
64.93
26.27
178.8
68.40
168.1
124.2
111.0
41.67
193.3
182.3
38.93
57.40
144.3
56.97
20.18
190.6
40.40
35.51
27.97
81.09
100.2
115.0
162.5
101.9
144.5
147.1
167.7
41.34
124.6
31.64
36.23
22.83
44.69
123.3
164.9
163.1
169.1
210.7
143.7
26.06
108.4
142.8
163.9
126.7
167.3
78.14
56.58
41.98
91.69
171.9
41.92
31.69
39.99
46.02
66.53
113.8
167.1
202.0
101.2
61.64
112.6
150.5
213.5
114.0
62.80
128.8
79.80
142.0
106.6
177.6
110.6
147.9
167.4
167.8
21.83
20.68
147.4
118.9
89.39
132.3
159.2
37.95
21.64
86.82
155.5
38.77
101.8
138.9
140.6
118.0
51.72
181.0
203.5
211.1
26.32
57.43
240.2
108.6
23.15
43.70
103.2
22.44
33.39
159.6
36.70
88.36
30.72
45.30
22.20
59.93
43.21
61.64
68.26
137.4
125.1
115.8
151.0
20.20
183.8
145.8
176.2
167.8
30.85
60.16
41.42
119.1
153.6
211.7
80.76
101.1
141.7
160.2
196.2
200.8
64.82
24.23
36.12
45.63
50.10
61.00
132.9
134.6
53.89
52.95
90.63
53.47
149.1
195.2
38.59
141.8
33.66
105.7
171.6
30.50
25.85
27.56
148.5
127.5
153.1
133.9
141.5
61.46
150.4
182.3
27.21
128.3
97.69
21.03
21.20
184.8
158.1
131.9
129.9
29.82
47.76
47.25
143.7
213.6
26.04
61.93
150.2
128.0
127.4
127.4
42.65
46.19
48.31
27.60
204.6
22.06
38.55
114.4
37.90
46.44
109.5
82.76
20.13
92.00
42.45
188.5
182.9
40.43
128.0
102.5
112.2
68.02
24.86
59.35
28.61
40.00
24.36
97.30
183.2
22.75
103.3
49.86
26.54
184.4
101.8
104.2
46.64
93.40
27.86
129.9
125.0
46.15
60.41
149.7
57.52
145.2
87.68
20.65
35.09
75.34
113.7
146.7
30.08
24.93
155.8
179.0
129.2
36.87
149.8
159.2
42.35
46.95
26.82
175.9
132.1
128.7
136.5
94.38
175.0
101.3
155.1
116.6
93.21
133.3
56.92
43.82
71.33
94.99
142.6
155.8
85.10
107.6
178.0
133.0
149.4
30.50
132.6
114.3
41.06
144.6
188.6
150.8
123.9
158.9
71.04
168.7
67.54
108.9
25.37
115.3
109.8
41.91
192.7
109.0
165.4
25.17
227.4
27.87
27.97
125.3
25.11
108.4
25.84
104.2
91.59
150.0
94.97
20.59
94.60
52.73
64.66
30.78
125.2
49.06
20.32
115.4
56.45
32.02
58.07
123.8
190.5
119.9
29.50
32.41
131.5
169.4
45.90
46.75
43.97
32.60
144.7
110.5
140.6
29.45
132.0
98.29
184.4
117.4
126.6
127.5
129.4
45.92
142.1
115.5
28.29
141.7
137.6
159.3
46.22
80.30
164.7
30.11
111.2
144.5
187.9
174.4
114.7
27.53
103.0
29.87
25.87
42.52
45.88
37.46
28.39
62.88
64.79
25.67
91.73
117.6
158.3
57.48
28.55
135.4
54.49
31.78
119.9
170.2
131.4
182.9
168.4
172.8
96.82
154.5
41.02
160.3
75.01
20.94
140.5
113.3
217.5
141.6
179.0
101.7
80.73
145.4
77.54
139.1
31.26
105.8
175.9
20.69
128.4
121.6
132.8
47.73
144.8
31.20
163.5
21.94
131.1
142.8
155.3
189.1
157.8
132.6
144.4
59.06
62.91
140.3
73.11
39.31
26.61
118.9
176.5
86.42
136.0
39.68
73.07
152.8
91.49
119.0
200.9
125.6
64.83
94.34
25.34
105.7
187.6
32.30
96.19
137.8
113.9
136.2
112.6
32.94
23.22
169.0
79.90
69.44
99.78
21.16
21.25
167.0
107.3
167.6
24.33
79.04
165.1
150.9
138.2
147.8
163.6
157.6
40.50
109.9
46.05
111.6
121.1
121.2
26.71
57.12
130.1
84.00
107.5
110.8
55.97
58.37
54.21
98.92
25.17
20.38
113.6
149.7
66.87
122.7
164.7
128.7
38.56
162.9
83.59
225.2
180.9
113.0
212.6
134.1
156.2
108.3
27.81
105.6
25.11
162.0
40.93
144.0
157.7
121.1
153.5
115.6
55.76
126.9
23.68
33.03
116.9
47.50
85.88
152.9
69.33
104.2
179.6
28.62
147.1
108.6
164.2
117.7
76.77
37.50
55.84
182.3
170.6
116.8
72.75
169.2
146.6
35.99
123.1
188.9
43.49
36.70
129.1
27.05
36.36
76.45
80.86
196.7
167.0
24.92
161.2
115.7
56.58
127.5
172.0
166.6
37.35
164.1
108.8
138.1
21.39
20.56
58.68
37.20
166.5
150.7
122.1
80.12
106.2
107.6
141.9
172.2
48.53
51.69
114.1
150.3
164.4
25.26
30.56
145.1
56.37
121.1
50.50
21.09
22.71
144.4
135.3
133.1
157.3
24.65
21.48
83.76
43.84
143.9
189.7
22.44
42.37
191.5
157.0
51.83
102.0
130.0
28.26
77.04
147.7
163.3
49.04
60.38
102.2
36.94
149.8
32.80
89.00
37.72
165.2
152.0
97.24
161.1
132.9
47.49
20.93
139.2
104.8
30.79
188.5
191.0
167.9
197.1
109.9
26.68
114.7
20.62
21.83
153.8
20.14
123.1
170.3
135.8
106.4
120.0
35.20
27.40
101.6
144.4
114.0
116.6
94.94
168.0
118.5
127.6
169.5
165.5
191.3
147.2
157.3
20.77
195.4
22.01
137.0
28.28
152.4
20.10
211.4
159.5
151.2
185.7
145.5
46.36
170.3
116.2
119.5
181.9
176.6
130.4
24.10
22.30
161.8
204.6
188.7
43.66
21.14
36.19
158.4
87.37
66.66
125.7
63.82
20.50
25.17
43.36
152.1
133.7
168.1
25.85
80.29
199.4
24.13
163.3
130.8
160.8
165.6
100.9
66.76
144.4
47.99
166.1
104.7
112.4
28.00
53.66
159.8
66.91
120.8
100.1
21.56
70.26
108.3
79.44
115.2
77.77
63.23
82.14
25.10
154.4
23.42
40.93
167.3
128.6
120.8
103.4
117.0
31.24
24.36
137.4
26.39
20.09
116.1
75.67
61.29
24.52
102.4
28.68
108.0
30.65
186.0
122.2
180.6
145.4
138.3
197.5
131.4
139.6
88.31
155.7
57.98
95.91
136.0
27.29
37.96
145.8
58.03
39.25
99.94
23.04
30.94
144.0
57.93
116.6
151.1
161.9
153.0
142.2
31.09
231.1
85.19
68.93
31.80
88.64
70.11
20.17
139.4
21.10
205.3
22.60
151.6
47.96
40.71
134.1
210.6
142.9
35.63
131.5
22.20
178.4
80.22
24.80
208.6
101.9
32.92
20.09
190.2
44.84
135.5
34.92
69.69
34.07
43.99
80.99
28.46
158.1
177.1
131.7
29.31
138.9
112.0
146.1
139.8
28.00
133.4
132.6
119.0
226.8
21.98
33.01
21.72
165.9
83.15
37.19
142.2
22.42
120.0
157.8
112.6
65.43
202.3
195.1
35.80
162.9
24.85
63.85
120.5
144.0
30.94
52.58
26.96
164.3
51.89
26.54
34.28
118.1
128.3
166.3
90.23
224.5
125.1
72.89
126.9
106.9
107.2
141.5
132.4
42.31
143.5
70.52
126.7
101.4
140.1
114.2
84.30
26.36
145.4
47.04
107.9
106.4
22.68
20.67
142.0
112.0
134.1
115.6
168.4
80.95
77.64
36.49
121.5
148.9
42.49
114.8
20.51
35.56
97.08
101.2
161.5
88.45
105.8
82.28
77.99
43.18
142.6
62.98
165.2
154.2
188.9
124.6
138.6
126.3
99.73
148.7
27.13
207.2
130.4
88.21
122.4
20.68
54.57
134.6
20.66
24.02
40.18
180.4
117.6
145.2
173.5
143.1
106.0
134.9
21.44
137.2
99.93
154.2
139.2
158.7
73.46
40.06
20.66
151.6
109.4
36.94
164.4
44.74
95.67
62.34
60.21
129.8
196.9
88.80
38.98
145.8
99.44
36.33
23.41
137.8
21.00
159.4
28.38
23.78
40.18
143.5
33.10
154.2
123.8
186.2
185.5
204.1
184.8
146.8
95.07
176.5
48.42
168.5
26.71
174.5
182.0
128.7
157.8
143.1
117.1
122.4
156.4
172.5
28.32
158.2
180.5
150.9
129.9
32.13
133.3
21.39
22.19
20.69
125.8
31.69
29.33
22.97
50.61
66.25
35.26
38.35
24.38
99.37
81.14
186.9
177.6
128.9
112.4
164.9
37.89
124.3
138.6
154.1
158.5
208.1
171.9
58.21
45.43
27.83
38.68
190.3
159.7
28.18
65.11
138.5
140.1
21.03
24.04
154.6
37.24
140.6
147.6
213.4
35.24
118.6
158.2
133.0
181.9
34.20
111.6
124.0
162.3
135.3
46.48
39.82
150.9
220.0
115.6
113.2
187.6
26.68
71.37
74.07
46.57
22.40
116.3
24.03
20.07
159.7
191.5
65.04
99.88
161.4
94.22
120.8
27.33
149.9
31.23
119.3
33.72
34.59
41.11
43.66
143.6
43.02
57.40
224.0
53.38
160.9
179.3
120.3
149.6
91.42
21.39
72.08
149.1
146.6
34.17
127.1
121.8
65.37
125.1
20.11
219.7
135.8
52.16
135.1
169.2
132.1
118.6
52.27
22.53
20.22
37.16
82.36
137.0
45.14
157.4
46.85
215.8
135.3
103.5
103.2
33.34
118.6
82.21
159.5
20.50
215.0
134.8
56.63
188.3
158.1
54.45
150.9
116.1
116.7
125.6
42.34
228.8
30.99
121.1
30.61
125.8
46.64
30.08
162.6
167.8
97.85
113.3
134.2
99.85
134.0
179.7
140.9
163.2
152.7
227.2
208.6
143.8
21.29
54.67
176.3
121.0
169.5
43.63
119.6
27.90
40.79
122.1
85.16
165.0
165.7
73.18
121.8
51.60
39.96
73.18
70.37
71.16
62.52
202.4
103.8
147.2
110.0
162.2
25.03
30.13
88.61
91.71
202.8
182.8
171.7
71.83
37.05
131.2
49.08
221.0
143.9
20.05
20.55
22.52
175.5
195.4
101.4
122.9
109.4
111.8
185.5
209.6
93.22
25.18
131.5
20.08
162.1
189.7
29.25
95.46
159.9
34.02
148.5
42.33
200.6
20.10
50.63
116.5
144.9
191.6
114.9
59.48
30.15
126.7
127.5
248.1
181.4
26.37
65.91
26.52
130.1
115.4
160.7
52.00
166.1
35.69
142.8
20.26
32.60
129.5
47.90
26.16
167.5
20.31
33.64
150.4
34.82
30.39
114.6
101.7
156.6
189.5
77.84
24.23
32.95
81.49
47.44
145.9
45.70
20.15
34.44
123.2
38.48
30.24
135.5
133.6
147.5
90.92
92.72
177.8
140.1
20.98
49.55
204.8
126.1
68.12
40.22
39.59
139.9
200.9
148.8
138.7
20.28
152.1
20.54
124.4
59.32
140.9
27.48
68.62
222.6
90.60
164.9
51.38
91.06
114.6
101.5
24.70
106.5
103.4
139.8
29.82
196.4
43.63
127.7
38.02
136.5
35.57
34.25
87.67
25.29
144.2
126.0
157.3
140.9
109.6
115.7
151.0
98.52
25.61
125.2
22.60
131.0
79.02
175.8
111.6
20.44
24.74
20.10
115.2
26.85
143.5
173.6
97.98
47.18
103.7
72.12
26.56
135.8
40.80
125.5
158.7
106.6
179.0
203.5
74.50
127.4
178.9
56.95
159.8
193.1
161.4
29.33
65.29
23.72
125.7
210.4
143.4
110.4
85.75
39.09
165.9
40.04
30.60
20.47
53.09
27.34
157.8
94.18
195.4
34.48
67.79
53.16
28.11
109.7
103.5
28.40
109.4
71.80
182.3
152.8
52.49
68.96
181.5
160.0
96.31
171.5
50.47
42.31
24.60
23.08
66.26
20.40
75.64
50.74
45.85
103.0
180.5
197.7
132.5
56.73
46.10
33.88
26.34
24.64
109.6
24.81
30.91
110.2
43.04
26.70
42.72
25.23
129.3
27.36
43.43
53.28
20.74
131.5
58.54
142.6
23.62
175.5
30.82
111.0
107.3
122.5
24.58
35.47
124.1
36.25
58.25
27.01
124.2
36.98
34.60
35.43
40.13
58.00
42.70
35.54
76.91
123.1
74.98
54.76
93.02
20.44
20.18
34.46
32.89
93.89
23.23
143.9
31.34
33.54
28.80
31.66
114.1
25.26
37.23
79.23
22.58
69.34
30.03
45.87
69.17
111.4
135.9
78.62
24.40
33.87
22.36
85.37
131.1
20.14
28.37
20.85
20.16
104.1
132.4
21.09
27.51
165.2
26.71
64.45
110.6
106.3
32.37
146.2
32.33
25.36
59.81
46.37
31.58
221.9
34.94
99.85
152.0
29.09
51.06
64.51
29.02
73.40
131.3
54.38
58.40
31.71
112.0
25.47
24.21
23.02
159.8
41.15
44.38
26.95
46.61
40.64
150.6
68.88
66.30
56.49
56.99
113.4
36.85
34.66
45.30
87.49
113.5
20.50
20.34
28.57
22.03
151.9
93.81
21.45
75.01
36.69
30.90
144.0
77.96
20.05
24.93
94.33
30.65
112.7
48.61
24.27
124.8
20.92
28.62
26.08
43.04
188.0
24.37
34.33
30.90
30.36
130.1
31.59
169.9
106.3
41.38
27.78
28.80
34.76
153.6
21.78
54.20
36.45
132.4
112.1
115.0
57.22
99.88
71.09
156.8
52.95
119.3
37.58
89.20
147.5
129.6
20.19
51.33
165.0
38.66
26.81
78.14
48.57
52.10
34.30
20.66
25.53
78.35
36.29
41.91
22.05
51.81
45.03
154.5
174.5
66.48
209.3
67.88
30.13
62.42
168.6
20.74
212.3
139.9
26.76
133.1
29.62
35.98
218.9
29.48
156.2
43.86
20.42
57.33
154.3
70.51
117.2
91.05
148.8
27.46
56.84
65.37
56.50
188.1
55.43
69.53
97.05
85.95
44.98
29.23
47.86
34.56
60.99
57.82
26.95
40.70
194.9
179.9
94.47
32.97
164.0
35.51
20.12
215.8
136.6
20.06
198.2
25.58
31.00
30.55
21.10
177.4
55.79
93.64
51.34
181.8
56.26
52.24
93.21
40.25
133.2
50.33
101.2
86.97
45.50
102.1
20.18
43.01
21.16
39.34
20.78
154.2
87.39
40.19
26.46
25.60
110.4
20.27
161.2
30.23
92.43
27.26
44.73
98.23
165.3
174.6
25.74
62.87
21.13
20.60
20.32
20.59
20.29
20.26
21.17
21.88
22.62
23.21
23.86
23.80
23.14
21.11
37.78
28.97
135.1
197.8
67.18
145.7
48.33
47.94
58.54
20.36
43.64
77.52
76.17
147.7
59.85
79.06
45.44
87.97
28.90
52.73
22.68
28.72
43.80
138.5
105.7
122.7
27.92
93.70
34.07
133.6
25.58
24.33
26.94
49.98
43.78
67.74
98.96
37.39
158.3
71.60
22.06
68.02
55.43
179.3
117.4
141.7
22.47
25.01
25.51
23.51
20.12
22.10
21.35
105.4
147.6
21.01
20.25
120.9
128.7
35.84
85.26
36.32
20.41
20.51
21.62
21.10
21.18
45.55
115.9
130.2
21.63
36.81
82.34
29.83
48.94
130.6
46.03
40.53
136.6
34.32
70.99
64.02
80.27
46.10
47.35
82.18
50.94
113.5
68.62
21.39
71.12
23.50
24.70
21.38
39.35
21.83
90.06
116.3
94.24
99.90
20.67
204.0
97.77
36.04
28.18
44.81
61.22
91.96
27.19
65.04
177.9
121.2
100.8
122.1
27.81
56.15
48.50
138.3
24.38
25.41
21.32
121.7
149.1
173.2
70.75
35.54
20.23
89.17
38.86
64.39
56.92
164.3
172.0
34.90
46.11
57.56
121.0
28.97
66.09
134.0
97.05
20.46
45.67
109.1
73.89
150.4
53.75
20.17
30.15
57.75
98.46
52.52
136.7
42.59
60.94
111.4
59.81
180.3
104.1
66.43
55.03
164.9
41.13
190.7
103.8
159.6
101.0
44.75
31.82
91.92
62.54
20.55
163.1
64.81
20.22
27.67
110.6
58.16
34.57
44.72
147.9
184.2
50.77
115.2
65.72
147.7
21.14
96.97
193.7
180.9
174.9
50.01
117.8
79.97
66.45
20.17
137.9
37.64
98.33
36.70
46.32
130.5
38.33
114.8
32.31
159.8
124.4
53.90
169.9
147.9
173.5
60.19
135.7
36.17
25.39
207.8
84.25
124.0
123.4
100.0
50.24
95.98
61.47
31.05
24.68
37.47
94.52
59.74
32.73
23.41
143.5
31.15
183.6
24.86
132.3
28.84
145.4
28.56
41.48
161.3
24.73
120.3
50.88
162.4
43.58
156.8
156.0
50.72
25.17
101.0
51.31
77.79
177.2
49.91
27.10
91.89
21.64
22.04
65.55
122.9
26.37
155.5
110.8
20.51
20.74
157.2
25.97
39.93
150.9
84.96
183.3
45.99
118.4
145.9
133.6
25.79
102.6
34.02
28.59
70.13
20.50
47.01
92.29
130.0
29.50
187.1
59.45
54.43
54.36
38.38
38.46
65.26
173.6
135.1
34.96
149.3
171.8
212.6
125.1
88.84
105.6
200.0
22.78
27.14
24.78
53.72
127.4
142.1
34.46
110.4
166.6
112.7
41.44
25.19
184.7
20.30
20.47
40.26
66.68
140.1
97.37
115.4
160.9
59.50
24.45
170.1
58.44
41.10
86.04
46.25
111.4
125.8
150.0
114.5
170.3
105.8
37.06
158.9
20.19
159.6
96.79
160.9
30.97
70.91
35.61
142.1
153.9
70.62
21.68
96.07
123.6
30.83
36.69
21.71
183.2
27.17
28.67
72.74
40.55
110.0
97.75
32.09
39.71
122.9
36.50
45.28
26.95
135.3
120.2
35.64
144.3
129.7
146.6
20.33
20.47
147.9
22.24
28.38
45.31
40.95
23.50
29.00
31.38
42.65
42.09
141.2
104.0
81.66
35.98
97.16
123.4
126.4
149.2
20.55
20.72
198.4
34.14
49.51
96.76
47.39
24.20
26.54
100.6
45.23
29.24
163.2
40.73
32.41
59.33
21.22
171.6
133.8
109.4
157.1
73.82
168.9
45.24
132.6
158.3
21.02
26.98
27.41
21.67
21.79
20.26
21.39
21.46
21.47
22.01
24.37
25.95
24.99
20.87
20.96
24.43
36.69
29.35
34.50
22.13
45.19
43.76
43.81
119.5
121.2
41.10
25.23
20.40
59.77
20.94
107.5
23.30
162.3
156.8
196.2
44.99
25.32
75.82
145.2
96.70
28.41
23.67
109.7
83.26
136.2
198.5
36.38
24.42
20.10
83.08
22.30
134.3
24.14
184.4
50.47
125.5
189.5
173.1
29.55
74.56
93.76
171.2
56.13
178.1
27.38
24.80
57.70
105.3
180.7
100.2
82.00
24.89
135.3
81.18
68.36
53.29
59.73
66.32
68.67
63.89
54.85
50.25
40.24
69.55
35.53
37.53
48.50
158.0
27.37
133.4
27.98
139.8
93.91
20.41
235.2
171.1
143.9
20.31
161.7
109.1
153.0
163.0
34.93
54.59
25.66
175.9
98.50
186.5
119.8
36.04
41.02
149.3
157.2
24.05
192.7
73.55
138.4
23.85
32.10
40.71
135.6
85.60
142.3
56.53
141.5
105.8
72.96
40.00
43.78
20.98
34.98
49.32
78.32
30.53
26.89
137.6
20.34
129.3
57.82
67.52
20.09
75.56
131.3
31.24
41.10
30.19
74.78
36.27
145.6
38.90
120.3
138.0
162.1
116.7
22.97
96.72
148.0
172.0
185.8
20.83
76.33
26.26
22.41
85.76
33.02
80.98
110.8
130.1
39.76
192.4
97.55
114.2
52.18
21.29
47.28
96.00
91.56
123.0
36.23
25.27
27.11
22.10
33.02
154.0
43.52
194.0
125.5
38.98
166.2
143.4
20.31
88.74
21.34
113.6
136.8
23.96
139.1
130.1
120.7
45.73
61.97
20.11
42.76
159.4
78.20
21.00
134.0
25.75
27.68
20.78
20.85
167.2
39.76
45.94
156.2
52.44
101.3
168.7
25.75
155.3
49.62
20.40
20.04
20.11
20.40
39.00
28.58
32.50
129.2
20.93
157.5
154.4
108.9
35.21
72.80
185.6
181.4
20.59
20.25
20.33
84.97
161.9
36.18
102.7
41.59
126.1
35.25
176.3
41.27
51.19
180.6
64.60
40.46
168.7
26.33
118.3
191.3
24.52
21.33
34.46
22.05
32.54
21.02
130.5
120.4
58.62
24.31
32.23
126.6
166.4
20.13
39.84
189.3
45.24
20.53
21.03
21.46
31.49
42.97
152.0
25.11
152.8
92.54
182.8
119.1
32.72
141.6
22.04
33.14
34.72
20.97
105.5
45.53
27.96
101.2
99.22
42.98
51.18
30.83
26.49
48.09
40.55
78.09
20.62
21.83
172.8
105.2
158.4
36.35
46.69
165.5
151.5
60.02
178.8
193.5
27.67
177.1
39.32
42.35
42.35
168.6
200.1
47.03
133.1
116.5
37.43
161.7
40.84
109.3
128.4
181.4
167.0
126.6
31.01
95.27
51.74
59.92
156.2
23.28
33.10
110.0
74.23
38.25
79.12
125.8
138.0
44.76
156.4
158.9
155.4
132.5
53.25
43.19
93.82
30.81
117.6
58.71
20.64
20.62
20.41
193.8
28.83
147.3
99.91
155.1
71.67
26.52
80.87
25.39
64.06
77.80
135.7
135.0
207.8
188.9
153.8
106.0
196.9
123.5
131.8
20.51
20.50
23.85
20.64
61.95
21.61
204.3
152.4
103.2
138.6
46.17
80.16
20.70
22.26
94.68
72.25
128.7
222.2
45.03
111.1
42.25
27.34
48.69
145.3
39.30
30.16
164.1
55.92
101.8
114.0
159.3
206.8
126.4
61.72
29.14
84.42
145.6
116.1
98.85
176.7
143.0
62.02
122.2
119.5
61.63
123.5
118.8
153.6
47.21
162.6
182.7
43.68
187.1
21.63
59.89
145.4
121.4
37.32
33.31
134.6
20.10
22.16
46.91
34.46
119.5
63.17
125.4
67.54
33.14
167.8
121.7
74.19
194.9
149.8
172.5
20.28
20.14
146.7
164.8
112.2
85.54
150.1
69.73
28.56
144.7
49.29
41.35
95.04
95.43
143.8
86.84
122.0
35.92
159.0
70.42
128.4
21.45
49.06
20.81
72.31
152.9
143.4
22.00
20.48
139.4
73.23
129.1
182.3
31.06
20.09
143.2
141.9
23.74
53.47
20.21
45.82
238.8
129.5
25.28
65.81
134.0
33.03
64.39
22.51
163.5
161.7
179.6
112.4
115.6
46.51
39.71
70.60
41.56
28.55
113.2
158.6
46.41
76.18
20.49
149.3
169.4
114.0
108.7
27.11
20.60
26.35
57.74
29.26
141.9
129.4
155.6
68.07
113.6
95.47
208.8
112.7
95.58
38.60
147.4
21.75
25.41
127.1
127.8
98.72
113.4
23.44
29.79
35.20
90.85
103.6
68.70
26.55
65.26
93.59
30.76
39.36
28.84
115.0
24.37
139.2
41.01
148.6
123.2
69.98
36.65
25.80
124.9
32.19
34.51
132.2
41.42
24.98
75.86
141.4
28.20
119.2
53.91
174.8
51.60
22.79
155.5
101.7
50.78
134.1
161.2
70.71
39.97
25.87
107.0
163.5
134.2
43.88
37.72
151.6
149.4
142.4
106.8
157.0
20.55
38.18
111.4
31.95
116.5
97.20
75.17
97.36
46.58
44.84
133.0
113.9
26.70
20.18
120.4
190.0
23.90
43.22
21.65
32.26
26.76
136.5
143.9
102.8
156.9
20.79
38.79
30.71
153.7
20.87
125.7
176.6
20.14
125.2
40.91
74.39
147.2
95.44
220.2
61.57
210.5
96.69
53.79
132.0
22.45
29.12
142.2
55.00
36.97
83.67
39.77
114.5
24.08
66.30
81.77
157.1
22.94
40.47
61.85
25.14
118.1
133.5
178.0
138.7
33.73
151.1
21.23
136.2
198.2
20.63
28.03
29.83
43.15
25.30
122.8
158.0
88.95
169.0
120.3
41.31
62.10
87.19
90.95
46.95
172.4
74.63
183.0
30.08
161.9
128.1
38.41
26.55
101.2
133.5
147.9
88.26
121.6
151.5
118.8
76.69
93.67
152.0
20.11
20.82
167.9
40.81
135.3
112.2
83.53
35.90
103.0
21.26
184.7
28.25
30.60
24.94
172.5
115.6
39.93
150.4
30.39
170.2
109.9
20.08
157.8
21.03
24.82
94.03
28.18
57.39
121.3
145.0
79.79
106.6
31.71
176.1
21.08
109.0
114.8
87.81
92.09
219.1
21.83
93.94
38.68
144.2
49.75
107.3
156.2
25.53
175.7
180.9
39.59
55.10
53.16
101.8
56.27
61.20
140.8
161.5
23.61
20.78
22.50
106.4
187.4
107.7
116.4
132.4
100.5
133.7
47.83
37.80
20.85
54.04
38.97
45.52
93.34
138.9
148.6
156.4
23.70
42.54
65.41
157.4
85.95
35.99
54.70
139.6
40.46
68.83
61.89
106.3
44.85
96.38
148.5
110.2
101.3
50.88
70.94
38.93
203.8
182.6
48.81
25.02
27.99
35.10
160.9
133.8
28.90
126.0
140.3
37.96
163.9
171.8
32.75
25.53
169.7
39.63
76.44
31.56
157.4
140.8
20.08
199.5
167.7
83.71
146.5
124.8
130.0
49.68
126.8
35.72
146.9
26.09
154.9
139.2
30.07
72.59
52.63
143.2
110.4
144.5
107.6
189.1
20.42
217.4
41.01
114.6
44.63
183.5
141.1
95.59
183.8
32.32
176.1
33.42
42.35
182.8
38.40
39.00
101.5
20.45
20.16
28.80
21.95
107.7
20.16
185.8
47.03
55.37
47.64
156.1
130.7
178.2
26.72
151.7
26.74
139.3
57.07
97.82
33.93
99.97
25.87
84.02
112.9
82.97
169.2
114.7
133.5
29.91
28.59
118.3
128.8
169.3
20.82
21.17
33.37
121.4
184.9
21.67
45.42
97.32
20.84
32.84
31.16
140.5
139.4
107.4
37.15
135.0
22.11
127.4
29.01
66.68
105.8
139.3
49.99
140.1
93.42
20.80
160.6
51.20
54.03
26.60
159.1
107.3
63.54
39.82
216.9
168.6
92.08
172.8
22.89
37.43
26.93
187.0
117.7
191.0
20.43
20.50
74.52
25.87
131.1
111.7
103.5
178.9
31.23
50.06
46.59
54.30
135.2
131.3
87.19
20.29
60.78
56.06
80.99
125.3
46.11
144.1
29.60
53.81
152.0
155.1
26.00
39.29
40.49
157.8
117.3
39.41
122.9
37.23
35.09
46.50
54.19
20.13
146.4
41.91
109.4
123.1
59.16
103.8
100.9
20.51
138.7
103.9
192.4
189.7
171.3
27.68
22.40
33.89
36.39
30.60
100.9
160.0
87.42
162.2
106.5
22.27
144.0
143.9
187.3
22.97
221.7
60.49
131.5
29.56
33.23
146.5
136.5
24.87
142.9
24.74
180.2
20.05
79.33
174.4
20.77
58.35
70.04
54.84
33.93
47.20
34.20
43.72
146.7
101.7
69.35
30.49
115.9
96.40
123.8
123.3
221.2
34.03
49.06
211.1
53.50
144.8
119.9
196.9
106.6
34.59
167.0
131.7
177.4
45.62
194.9
44.80
53.30
66.49
135.9
193.8
105.5
133.1
21.39
164.4
114.1
117.8
145.6
112.5
38.89
25.20
41.24
185.1
21.24
41.54
138.0
23.54
124.9
50.74
48.81
20.45
148.4
147.9
26.27
162.9
23.88
40.19
168.0
35.14
116.5
128.5
30.62
145.0
111.5
99.82
122.7
21.37
147.4
39.67
158.8
95.08
20.76
23.05
193.3
57.61
128.9
185.4
107.0
30.19
95.91
187.2
122.9
138.1
35.50
41.58
52.88
118.1
45.36
138.5
43.52
89.85
110.9
183.1
23.19
125.9
68.23
55.90
20.54
21.94
85.40
144.9
123.9
20.08
140.7
180.3
227.1
66.95
99.10
160.6
183.3
197.6
126.3
40.08
24.44
23.93
128.6
93.34
20.14
60.11
39.47
153.4
161.1
103.6
31.51
104.2
60.20
148.2
167.0
63.66
147.1
106.9
48.62
179.1
72.16
29.02
190.6
114.4
37.93
190.6
189.3
20.10
23.95
174.2
202.6
150.8
145.1
155.2
97.14
88.30
124.0
68.88
80.13
218.1
22.98
61.30
38.22
77.74
182.5
48.47
99.17
161.5
23.40
151.6
167.8
46.03
116.2
125.1
24.47
46.25
165.9
56.16
47.05
44.83
63.36
39.68
29.83
22.03
24.32
125.4
86.01
157.4
30.48
38.27
24.41
131.7
155.2
109.5
44.94
152.1
61.90
170.3
52.97
109.5
70.15
22.81
163.6
22.30
22.43
136.4
109.1
131.9
31.09
148.1
149.4
22.39
23.42
24.68
23.43
20.16
21.63
23.51
23.89
21.02
20.35
21.32
163.8
51.53
136.9
82.56
47.43
104.0
156.8
135.0
166.4
174.9
35.78
103.4
31.81
139.5
91.11
119.6
39.97
104.4
97.80
125.8
68.41
50.34
65.30
92.93
79.46
20.26
127.0
54.80
76.46
122.3
188.8
41.46
21.88
96.42
167.9
140.6
55.18
67.37
82.29
159.0
184.7
28.91
87.70
82.97
47.92
42.30
144.5
44.95
106.1
141.6
36.52
58.52
48.02
48.11
179.5
214.5
104.5
40.21
26.87
25.06
38.13
32.88
68.70
37.75
60.39
139.6
192.9
116.2
125.1
107.5
223.0
26.75
156.8
121.8
74.86
112.9
157.1
35.42
95.24
151.3
133.3
122.9
110.4
42.55
40.43
178.7
196.8
37.04
40.38
179.8
43.35
32.80
82.28
46.71
137.3
29.20
49.89
61.11
165.6
51.42
44.76
31.68
133.5
85.07
53.12
66.32
42.49
128.9
74.60
20.91
23.01
101.0
119.8
151.4
21.54
116.8
222.7
169.0
142.9
30.16
39.95
20.18
20.26
27.03
20.46
107.6
111.1
96.78
102.2
38.76
28.57
27.88
31.37
130.2
137.4
221.2
47.10
144.3
121.3
155.4
131.6
24.57
90.81
147.1
176.8
190.7
22.72
27.24
179.1
145.1
45.94
116.3
163.3
160.0
20.35
54.20
170.0
21.50
40.81
163.5
157.1
95.28
34.46
85.77
111.0
162.7
32.10
163.7
35.92
44.32
131.4
128.1
73.04
187.3
57.05
168.5
121.8
162.2
195.0
164.9
133.8
156.4
147.0
45.14
96.63
78.22
34.08
140.2
69.01
165.0
178.3
163.6
101.1
136.3
33.92
47.61
20.06
27.38
126.7
147.0
183.6
23.33
20.60
115.0
23.84
152.7
132.1
114.7
138.8
184.2
140.1
30.83
130.3
41.93
127.0
106.5
183.0
197.3
144.6
24.08
24.66
120.4
153.2
42.02
160.0
147.6
51.30
114.2
72.30
30.53
34.72
135.3
85.24
22.79
35.43
38.79
25.91
161.7
103.4
54.18
24.80
103.0
152.1
34.89
179.3
130.3
26.81
66.37
143.3
173.8
47.82
148.8
118.2
69.16
52.78
140.0
136.6
71.17
105.7
50.97
37.44
46.21
106.8
170.7
98.88
95.83
63.30
127.6
20.77
172.6
93.05
205.6
151.8
24.89
101.1
20.58
115.5
127.9
57.51
168.4
57.61
50.50
20.97
79.43
140.8
182.6
20.37
70.00
20.22
64.15
25.97
125.2
211.6
40.53
163.3
152.6
57.60
22.99
102.6
39.92
28.91
142.8
44.90
72.12
150.8
67.51
128.8
48.67
58.29
114.0
38.24
101.0
37.87
189.4
108.6
23.79
29.02
114.5
34.93
98.64
54.54
151.1
20.33
23.67
73.32
71.19
181.4
121.4
146.5
198.0
24.84
28.93
118.9
76.86
122.2
40.87
54.84
158.0
111.2
51.64
32.69
90.77
20.06
215.0
48.96
79.58
20.68
125.7
164.7
120.6
131.5
122.0
215.9
128.9
157.9
137.3
178.0
84.48
165.7
132.8
44.76
55.42
144.2
32.22
119.8
138.7
132.4
144.8
158.7
54.92
103.5
147.2
178.3
51.96
128.8
132.2
119.7
168.4
164.6
184.8
106.9
186.5
123.0
28.91
132.4
190.9
48.30
62.11
116.4
40.62
103.5
95.06
145.5
70.16
135.1
156.7
176.0
59.09
110.3
166.6
117.9
173.8
145.5
128.5
159.0
166.9
163.9
20.45
21.40
117.1
29.28
48.55
118.0
23.08
170.4
149.8
58.04
153.7
46.17
29.38
37.39
180.7
21.42
116.4
182.5
29.42
21.00
21.79
50.57
185.8
30.80
67.88
190.3
60.68
43.37
102.7
110.1
35.84
127.5
146.9
130.9
40.21
112.8
117.9
22.64
24.23
122.6
118.9
30.79
148.9
37.01
128.8
48.98
152.2
22.82
21.70
20.72
20.19
25.41
164.1
52.39
27.58
38.29
114.6
88.17
178.1
77.36
138.6
29.76
78.94
108.6
51.46
148.1
143.1
25.96
163.7
171.0
72.78
134.9
23.49
165.6
62.10
161.8
21.81
20.36
118.7
40.34
84.81
33.53
168.8
157.2
170.0
212.6
46.03
52.76
65.98
133.4
148.6
139.4
148.5
62.78
38.70
24.52
83.75
110.1
189.1
129.5
149.0
164.4
91.79
173.7
23.29
40.61
43.07
37.53
41.43
85.39
160.3
113.2
144.3
51.69
151.5
149.7
116.1
99.53
83.27
177.1
41.11
80.55
27.51
50.79
36.01
20.25
134.4
94.18
151.0
27.47
182.1
100.1
129.1
188.4
48.93
165.9
99.80
142.3
23.92
134.1
182.2
66.95
68.24
34.30
198.5
46.36
24.84
145.0
129.0
113.0
159.6
114.5
24.54
122.8
153.2
221.3
115.5
50.75
126.8
69.62
30.28
63.29
181.1
125.0
107.4
110.2
82.33
21.99
151.2
34.29
94.89
48.52
107.7
115.9
134.4
25.65
191.6
131.5
130.2
143.9
166.7
120.5
130.9
53.19
176.1
118.5
57.87
133.0
105.1
138.0
112.1
39.50
96.70
89.87
32.26
185.6
188.1
139.0
47.21
134.5
26.28
141.3
128.6
121.0
37.49
104.8
150.6
133.4
119.1
102.3
39.00
56.82
111.7
54.65
135.3
98.64
144.7
40.26
151.4
95.43
150.2
42.00
150.4
119.7
20.69
155.0
127.0
197.4
205.3
108.6
67.82
72.11
104.6
141.7
31.92
20.26
95.85
68.85
174.9
121.8
202.0
51.96
165.4
34.94
48.64
168.3
60.26
22.30
90.19
209.7
166.3
36.35
149.6
227.8
149.7
198.8
120.3
86.87
83.15
176.0
167.6
181.8
26.89
186.6
148.2
90.66
170.7
61.39
132.0
181.1
151.9
47.85
154.1
54.22
90.76
211.3
184.8
136.2
90.10
42.25
26.87
99.51
89.52
179.9
29.45
127.1
103.4
28.22
78.73
88.94
40.61
88.30
24.88
140.0
197.4
163.6
20.50
190.5
98.89
193.0
172.4
102.4
34.94
134.8
174.0
159.8
25.71
41.87
202.2
88.95
153.2
55.12
210.5
20.82
186.1
43.12
27.08
169.2
40.65
176.2
142.6
136.9
74.14
21.42
207.9
37.86
34.51
177.2
125.1
21.16
21.20
20.33
21.02
60.48
24.76
82.00
20.19
23.49
106.1
20.38
93.57
153.6
32.56
76.62
21.04
181.0
138.1
205.0
68.18
44.79
36.02
28.92
64.30
20.90
46.43
122.3
116.7
138.3
111.3
89.07
184.6
106.5
157.4
137.0
196.5
130.0
27.85
20.33
20.30
84.52
186.8
20.16
141.5
134.3
83.75
122.8
144.9
23.89
133.1
75.43
43.72
49.79
106.8
154.3
21.12
121.8
114.1
32.60
178.5
162.2
195.2
24.84
176.9
20.19
72.24
94.60
117.4
145.9
20.24
30.15
131.1
133.5
160.5
38.79
154.9
40.58
117.0
146.5
39.15
134.4
20.23
117.7
96.78
20.10
29.48
74.28
187.5
104.9
51.97
110.8
65.52
26.71
20.59
133.1
20.67
20.40
21.15
159.9
23.50
140.6
38.29
117.5
90.67
98.98
46.12
181.6
26.69
34.53
38.94
201.3
107.5
71.69
121.4
66.78
119.3
27.27
130.5
139.3
93.42
120.2
67.16
115.8
195.0
171.6
151.6
143.6
54.07
41.90
137.4
147.1
182.4
141.1
102.4
78.68
115.3
224.3
60.27
159.6
103.9
26.99
202.6
40.86
20.07
34.46
61.14
27.98
32.26
202.7
117.1
35.18
32.40
118.9
107.1
98.30
50.97
137.1
216.6
27.78
72.67
99.29
125.5
38.99
146.7
145.2
172.4
103.8
54.41
158.3
92.90
67.55
83.90
87.50
46.89
33.97
181.6
124.8
36.41
20.85
145.0
92.22
149.7
61.20
38.24
22.01
40.26
43.91
20.97
20.75
48.22
61.95
20.35
20.08
21.50
55.58
20.13
28.30
122.3
151.3
211.0
176.4
48.04
53.01
21.92
26.78
22.29
165.9
21.40
184.3
170.8
26.54
155.2
25.68
157.1
158.2
169.8
20.57
28.52
123.8
22.27
59.65
149.3
111.0
141.6
139.2
163.0
87.16
141.1
210.8
148.7
63.18
161.2
66.45
97.06
20.77
36.82
22.65
190.4
24.35
158.0
89.43
171.3
85.98
27.81
110.4
203.5
122.8
27.50
20.81
34.88
138.3
134.1
101.2
155.5
64.85
31.83
55.02
146.2
108.9
218.6
20.07
20.79
20.73
20.40
20.35
38.28
116.0
144.0
133.1
122.0
146.4
130.7
124.1
102.2
55.33
108.4
73.96
126.2
151.2
59.21
142.2
129.7
113.7
119.8
51.27
45.36
99.54
181.8
124.5
149.4
46.58
43.13
60.31
121.1
156.8
21.07
141.2
57.18
47.87
112.4
21.18
26.90
31.41
20.21
71.91
22.69
171.4
51.53
110.1
120.5
131.8
174.7
149.4
190.2
99.44
124.2
20.50
31.79
60.84
83.21
88.94
67.00
42.07
60.93
21.41
129.9
25.54
125.1
46.51
122.6
195.2
33.36
177.9
42.83
22.44
132.9
46.97
77.91
180.1
172.5
21.38
98.31
121.4
106.0
49.04
166.3
80.49
152.3
187.9
25.91
202.1
181.8
22.52
44.06
41.11
162.4
83.19
153.9
199.9
153.9
91.33
33.89
90.74
52.41
121.5
204.4
54.86
51.70
202.4
21.00
27.89
118.6
147.0
111.1
199.9
31.16
144.8
158.9
186.2
27.88
128.6
38.30
53.56
157.1
28.03
45.55
125.7
101.7
25.11
37.55
115.5
50.72
29.34
26.34
26.97
22.25
124.4
20.11
103.5
203.4
203.7
54.65
134.2
155.8
142.7
35.98
107.4
184.4
56.51
50.50
179.0
68.98
125.0
127.6
124.7
140.0
124.6
28.20
138.4
164.1
174.9
195.8
33.45
111.9
115.9
137.3
31.12
189.8
42.56
193.4
86.11
146.9
61.60
103.0
124.0
28.94
87.29
99.70
158.3
147.8
100.2
120.1
205.9
28.75
28.99
40.24
170.0
44.95
174.5
102.2
21.82
95.28
174.2
168.6
95.05
31.83
137.0
146.4
23.03
67.88
21.31
66.63
119.6
110.1
63.96
158.8
47.39
119.2
114.6
32.04
132.3
35.65
157.4
32.18
141.2
145.5
158.7
174.9
44.56
126.8
145.6
27.30
138.8
142.6
138.3
53.28
132.2
22.57
47.28
21.95
107.5
120.1
179.3
65.16
104.5
108.5
124.9
56.41
133.1
160.3
185.5
76.29
158.4
143.2
68.17
40.79
151.7
53.88
47.80
85.47
44.99
46.10
34.16
151.3
31.02
63.63
151.5
163.3
174.2
67.72
81.08
107.1
20.16
82.43
108.6
96.77
152.6
33.60
140.1
98.19
155.8
47.98
124.0
166.7
22.62
28.72
64.86
125.2
165.9
38.14
103.0
35.32
128.8
157.3
141.4
173.3
173.5
147.3
32.30
23.49
23.24
44.87
49.40
150.0
145.6
141.8
159.3
176.0
36.30
120.3
46.43
122.4
42.71
21.93
160.9
98.99
31.02
137.5
28.88
125.9
185.5
153.9
147.7
217.0
100.3
134.4
198.8
60.16
109.6
98.48
44.21
135.3
53.18
107.4
46.39
20.51
20.88
20.60
20.11
20.52
21.08
20.64
52.43
140.0
46.39
189.7
126.6
202.2
117.4
111.9
160.9
164.4
116.7
165.8
124.9
144.9
121.2
124.2
122.0
128.6
22.54
129.7
31.36
73.09
106.4
154.4
178.0
84.54
91.73
28.95
47.63
142.7
30.22
68.03
27.77
138.5
121.1
20.16
20.38
41.01
103.7
104.6
70.27
117.4
30.28
161.6
88.53
25.15
37.19
98.73
63.45
165.0
157.9
148.3
86.30
54.55
158.9
41.48
184.6
94.69
147.8
178.6
21.50
20.16
20.20
47.31
160.3
167.8
128.2
90.62
20.84
169.4
200.9
151.7
29.17
75.17
30.34
169.7
146.9
95.36
65.24
67.63
36.17
127.2
133.2
100.9
110.7
28.03
134.3
129.0
21.19
113.9
144.4
97.86
118.2
98.71
188.3
31.04
127.0
173.9
40.01
40.47
123.7
130.0
120.4
166.8
24.70
138.2
146.7
96.08
94.53
118.2
94.25
117.4
39.48
126.4
113.9
21.17
88.16
28.91
109.6
152.9
47.51
160.4
20.30
21.59
21.56
45.59
87.76
127.3
143.4
220.6
188.8
109.5
89.42
92.39
141.5
212.6
152.3
170.7
126.0
150.4
46.66
22.03
127.6
170.2
34.76
55.21
42.97
153.7
25.14
175.4
40.70
97.01
32.28
152.1
130.8
21.46
142.0
101.8
137.2
179.0
180.4
65.45
121.4
170.0
22.33
188.0
38.95
178.4
118.7
113.7
178.1
22.73
20.80
21.48
63.32
37.86
126.8
166.6
185.3
73.33
104.5
93.79
46.98
21.84
32.80
80.28
168.2
176.6
21.16
154.0
28.52
57.92
126.6
104.9
144.3
104.8
141.1
89.77
44.04
35.85
185.5
89.25
59.28
110.7
85.59
25.94
135.7
161.8
32.92
104.0
32.02
101.7
136.2
27.59
148.1
103.2
133.4
123.5
52.48
177.0
133.7
190.9
20.44
141.0
145.9
84.11
178.8
70.25
28.80
137.0
58.57
82.78
31.39
24.63
24.66
34.65
110.4
183.7
56.41
132.6
175.0
58.08
25.36
160.6
27.84
36.32
159.1
83.18
116.1
181.2
140.9
21.28
138.5
121.8
172.7
119.2
162.8
215.1
195.3
148.9
46.10
172.6
21.61
44.96
101.5
149.2
108.2
111.0
141.6
170.4
23.59
198.7
22.02
20.20
22.03
24.67
180.5
103.9
35.98
151.5
143.1
146.7
100.3
29.12
160.9
50.16
32.94
192.5
33.87
199.3
22.50
66.16
71.40
47.47
88.50
56.01
177.2
101.3
95.89
95.31
144.8
56.87
52.98
144.3
49.09
137.5
179.2
28.15
128.3
151.6
22.63
86.10
64.78
78.44
140.6
122.3
40.42
26.97
123.1
146.0
150.8
121.3
101.9
158.7
87.20
188.9
141.2
122.1
133.4
20.82
22.12
102.2
21.37
87.12
150.6
86.53
145.0
28.54
125.7
20.41
149.7
178.5
138.1
183.1
37.09
87.45
27.03
27.12
29.78
41.91
37.37
206.7
83.45
23.20
108.2
140.7
60.33
49.53
139.0
169.5
91.04
145.7
48.40
41.98
79.93
37.21
27.49
97.01
105.3
181.0
39.91
117.5
139.0
32.34
154.7
137.8
27.48
113.4
197.2
176.6
160.1
171.1
78.83
186.8
53.33
191.0
20.16
174.4
171.3
153.3
118.6
92.79
158.9
133.5
170.6
54.24
92.27
49.33
155.6
171.0
123.1
24.73
145.0
26.28
78.70
23.53
20.71
175.4
27.50
120.0
176.0
30.54
194.6
102.6
86.07
134.9
58.90
31.13
20.07
38.72
115.5
76.72
213.0
64.31
123.8
63.67
122.5
46.45
82.28
137.4
176.0
113.4
109.3
113.6
139.3
210.3
112.7
129.1
102.2
168.3
167.2
117.9
31.30
125.6
38.77
97.90
184.9
57.01
195.9
25.90
30.57
22.36
124.1
155.2
157.3
21.16
138.6
150.0
154.6
228.2
22.24
167.2
84.67
49.36
37.25
123.2
141.4
93.53
107.7
193.0
151.1
133.5
120.4
169.0
67.32
20.25
20.29
20.07
20.41
57.83
20.09
20.50
188.3
25.40
121.6
27.09
33.07
207.5
74.80
201.6
114.6
108.7
45.72
161.1
119.8
37.70
160.2
75.66
112.5
86.43
149.9
144.6
36.74
92.27
162.1
170.4
178.4
142.2
78.76
201.2
92.29
121.2
47.25
22.91
33.34
66.72
52.26
29.90
148.0
179.7
139.1
198.3
36.27
189.9
35.06
160.1
80.20
29.83
23.71
34.27
63.47
21.15
65.21
70.31
47.07
173.1
43.03
115.3
79.74
36.35
189.6
23.19
164.8
113.0
184.0
114.2
151.8
159.8
68.44
47.86
32.63
208.4
20.48
209.3
76.55
63.72
25.61
124.2
59.69
166.5
62.87
152.4
20.28
20.47
20.52
20.07
25.55
75.24
131.9
41.26
169.7
160.9
52.95
49.27
38.09
204.3
20.12
131.2
153.4
50.16
80.41
22.88
94.03
30.41
52.59
28.56
147.4
183.1
132.5
116.4
100.4
20.70
24.34
146.8
216.6
135.9
104.3
158.6
137.1
24.17
81.03
52.29
126.5
47.80
110.1
22.62
25.85
20.51
175.3
20.73
47.15
164.2
54.02
118.5
41.79
195.7
30.33
27.83
26.63
24.72
24.22
24.47
23.46
23.85
29.47
40.16
62.69
126.8
74.35
102.1
21.20
26.67
166.1
133.6
161.7
31.05
46.39
38.02
21.75
31.71
171.9
48.36
25.40
68.78
22.78
183.2
61.58
130.0
21.23
137.6
60.49
180.1
174.6
118.9
22.16
42.31
180.1
34.27
43.40
28.63
30.21
25.18
40.24
94.28
138.7
186.1
100.7
127.6
45.80
58.66
133.8
137.9
84.30
194.5
20.08
166.2
130.6
30.71
118.5
99.58
212.9
88.47
180.9
142.2
139.9
189.2
161.4
135.6
132.8
114.1
45.91
177.1
173.2
177.7
114.3
63.27
26.92
72.02
94.40
198.4
145.7
40.59
76.55
125.0
67.49
153.9
94.73
20.99
107.2
140.5
21.18
21.06
173.6
174.9
69.29
29.63
192.3
35.55
63.66
40.87
25.98
69.77
36.39
69.38
74.19
31.94
25.25
26.55
137.6
34.73
108.7
131.8
37.85
179.1
91.99
91.37
53.86
116.5
23.69
225.6
111.9
76.56
129.3
40.31
24.03
136.2
25.62
34.99
173.5
154.5
36.09
55.75
43.28
96.78
47.23
168.1
101.7
41.33
193.6
157.1
134.6
186.7
32.20
218.1
24.74
51.03
22.68
179.6
27.87
183.0
193.2
166.2
47.37
179.6
20.53
140.8
25.68
22.13
119.7
32.75
120.2
20.22
59.68
108.6
187.7
42.75
20.23
87.68
165.8
97.08
70.27
144.4
133.7
130.8
128.1
157.1
165.9
23.22
85.32
140.2
120.2
43.20
129.1
30.87
20.13
30.80
73.76
28.01
91.96
140.6
29.37
32.96
120.5
35.05
129.5
96.18
31.94
214.0
135.6
25.66
32.73
26.30
225.5
166.0
151.3
180.0
54.12
155.4
170.9
23.79
120.5
149.8
163.0
128.4
34.17
42.23
149.5
89.51
21.79
155.0
165.2
126.1
174.7
114.1
111.3
38.57
43.02
99.01
34.63
101.6
39.60
26.53
28.62
44.07
184.7
137.3
25.51
22.86
193.7
174.4
120.8
189.7
129.4
105.0
178.7
151.2
32.76
134.3
20.56
185.8
38.67
116.2
73.43
192.8
75.80
146.2
42.18
72.20
65.85
127.6
160.4
26.67
128.2
145.2
195.1
149.1
121.9
200.2
80.26
52.77
83.85
144.8
49.88
164.5
64.64
82.70
32.70
45.03
34.00
52.18
40.98
30.32
115.8
131.2
154.4
155.4
119.1
32.06
22.46
47.02
38.04
96.15
147.0
68.96
73.63
109.5
79.48
27.69
138.9
62.10
158.6
46.56
177.3
131.9
26.69
22.03
117.2
134.4
109.0
79.74
198.2
69.19
167.3
20.17
26.49
138.6
32.77
128.8
220.9
129.3
59.55
176.3
138.6
159.8
106.9
117.5
121.8
118.0
147.3
205.3
118.5
61.08
25.47
144.3
26.86
173.9
36.37
101.1
73.26
20.37
21.08
22.53
25.52
22.81
20.08
138.1
22.49
41.64
134.5
172.4
40.47
101.8
190.7
167.3
20.12
121.1
36.82
28.61
41.38
163.3
104.0
127.3
133.9
45.26
150.4
116.7
161.7
37.10
23.52
144.5
49.17
87.64
75.87
70.59
148.6
23.33
154.9
34.97
169.5
105.6
225.2
143.5
140.2
42.71
48.93
179.3
149.0
137.2
126.3
113.2
54.84
175.9
20.41
166.9
32.11
61.86
70.13
156.3
115.2
210.1
103.3
177.0
136.2
186.9
24.74
147.9
122.3
134.2
73.04
44.61
41.77
42.45
86.01
48.29
171.6
201.9
20.63
131.1
63.51
42.16
96.67
50.69
43.76
74.78
113.2
91.78
162.0
156.9
77.53
74.86
82.09
28.68
106.6
103.6
148.6
100.5
138.3
40.26
77.26
113.3
49.33
132.0
159.2
166.5
173.7
117.6
27.50
84.22
117.8
62.44
132.0
154.8
107.2
137.7
122.0
40.89
151.0
22.54
42.14
35.57
159.8
116.0
27.47
53.54
118.9
29.29
84.52
96.91
34.66
129.9
177.7
41.54
147.8
163.2
83.11
175.2
20.54
23.90
81.75
143.2
125.4
177.2
28.49
29.33
20.36
73.96
70.63
105.0
35.72
47.76
23.97
111.4
20.25
21.82
22.78
21.02
34.30
44.76
48.71
153.8
57.18
158.0
22.92
48.95
100.9
68.32
115.2
131.6
171.5
145.6
155.9
114.1
97.98
46.92
130.5
57.24
20.18
20.85
221.1
40.63
123.0
103.4
38.31
21.72
22.86
141.1
132.8
125.0
36.91
94.32
127.4
55.39
153.1
46.68
77.25
45.52
145.8
33.13
199.8
39.34
53.28
20.66
27.16
20.78
115.4
175.6
168.5
125.6
113.0
20.26
46.42
86.01
84.48
179.1
23.55
166.6
155.2
77.18
57.95
23.66
171.5
40.47
33.45
22.49
23.66
177.7
149.6
200.6
162.7
26.01
51.38
71.73
26.68
31.15
124.1
133.7
21.03
139.6
166.6
30.34
182.6
161.9
85.87
81.62
123.7
159.0
150.5
131.8
21.44
178.6
117.9
158.4
24.40
125.1







































































































































































































































































































































































































































































































































































































































































































































































































































































































































































































































































































































































































































































































































































































































































































































































































































































































































































































































































































































































































































































































































































































































































































































































































































































































































































































































































































































































































































































































































































































































































































































































































































































































































































































































































































































































































































































































































































































































































































































































































































































































































































































