24.08
26.73
49.40
73.45
205.0
20.80
24.17
29.82
29.03
37.50
28.57
43.57
29.34
157.1
106.7
74.60
23.77
26.31
180.5
86.81
32.95
29.36
48.30
22.95
143.7
39.99
41.52
35.02
200.7
62.94
173.3
102.1
152.9
61.46
57.16
92.29
95.50
41.40
117.7
47.55
33.15
73.85
37.17
28.56
36.67
134.6
101.8
23.11
33.11
43.72
33.29
56.33
44.13
61.53
83.30
22.72
155.4
182.7
139.8
26.52
76.31
21.13
37.32
24.34
157.9
47.65
22.01
37.93
81.48
162.8
33.31
67.74
27.53
78.93
33.92
32.09
55.41
134.4
193.6
49.39
26.28
63.80
66.10
21.99
59.05
41.24
31.05
21.03
22.25
33.34
40.49
20.92
109.9
157.6
22.37
72.93
57.39
38.54
201.4
66.97
34.45
27.98
26.77
32.20
28.36
24.43
42.43
40.71
180.7
150.2
34.04
20.78
56.14
45.73
61.51
55.65
110.0
141.7
30.23
36.24
148.6
26.23
149.7
51.56
204.5
150.2
77.44
36.55
115.2
68.26
99.71
35.27
20.80
31.89
165.7
29.32
77.54
103.0
21.47
33.47
172.0
20.67
30.31
168.8
21.18
46.45
22.10
34.50
28.75
147.1
33.98
119.1
20.29
42.18
79.56
30.77
103.0
29.61
169.7
35.77
159.1
83.72
107.9
26.55
60.84
43.02
206.2
37.64
21.98
20.33
58.34
39.13
88.00
24.72
117.9
204.2
38.05
28.33
20.67
33.41
27.54
125.1
24.12
66.43
120.8
157.4
22.92
180.7
40.73
139.9
100.4
95.23
34.37
103.6
30.56
47.85
33.95
125.7
140.9
162.0
32.31
89.81
23.16
69.22
58.47
159.7
129.1
39.56
25.20
74.47
88.89
41.77
20.66
21.03
21.29
20.78
56.75
81.67
69.40
88.06
160.0
28.29
37.54
107.2
60.15
33.22
30.83
128.9
36.89
78.70
119.1
29.87
154.6
38.49
104.8
132.6
45.50
99.62
44.25
22.39
42.81
31.86
56.47
134.5
141.7
64.00
46.90
22.34
24.80
25.16
33.97
138.5
52.40
189.7
88.15
53.26
167.9
26.02
156.3
169.8
28.44
68.31
123.4
35.98
34.55
136.2
136.9
234.2
23.34
54.64
153.9
128.6
41.97
29.19
85.68
61.12
190.0
149.3
145.1
40.87
167.1
20.04
100.5
35.10
117.7
55.61
141.9
33.89
126.7
91.96
43.33
148.6
53.91
21.96
32.81
142.5
24.03
104.0
22.21
25.21
24.44
31.06
22.31
69.08
29.99
25.18
175.8
36.46
25.25
29.74
37.98
21.96
196.9
20.36
32.61
45.46
102.3
58.85
43.58
33.25
90.79
34.88
22.48
114.8
123.4
85.52
23.78
21.64
22.28
76.39
21.33
28.43
20.94
43.34
32.58
57.55
26.67
25.48
135.9
145.6
30.62
153.7
30.81
160.8
39.89
91.45
22.46
42.97
183.6
39.75
36.25
54.79
43.92
40.25
72.37
52.37
110.6
117.9
119.3
63.72
192.8
163.3
39.98
51.56
31.52
67.85
91.68
82.02
72.50
23.63
51.66
24.78
46.03
23.44
29.89
47.86
105.5
41.27
46.42
109.7
92.79
54.37
167.1
105.6
129.6
39.20
29.55
35.42
27.17
23.24
99.65
53.96
38.67
26.81
24.52
170.5
146.9
34.89
174.2
119.7
46.89
23.15
21.60
152.0
57.03
28.59
124.0
39.93
39.53
22.03
28.92
125.8
110.4
34.69
137.1
142.6
27.05
127.3
120.2
142.8
31.00
164.9
159.7
37.67
126.1
20.58
25.77
25.60
21.31
20.52
92.26
31.93
168.6
173.6
46.68
81.35
57.64
138.2
24.50
108.0
39.24
41.58
21.86
151.6
31.54
56.40
158.1
45.94
54.49
83.73
43.17
157.5
79.40
53.40
134.9
22.19
68.29
31.83
162.7
77.98
28.74
44.95
54.77
23.71
72.77
22.83
24.37
78.83
178.8
38.88
54.04
57.28
21.84
22.68
22.21
90.49
37.89
34.56
22.18
83.46
94.02
98.96
161.5
185.1
124.0
140.8
31.43
29.12
33.26
73.01
182.4
22.53
23.74
155.7
70.40
161.2
41.87
46.81
21.04
90.98
132.8
123.8
106.5
23.15
33.00
99.71
21.18
24.22
46.79
54.17
107.5
30.44
67.44
34.64
93.47
191.3
35.61
39.77
23.92
70.70
193.2
34.90
83.35
27.29
20.08
22.98
67.90
50.35
28.89
22.62
177.7
115.1
35.35
83.23
32.94
34.13
107.1
53.64
21.02
43.10
24.05
104.3
130.9
179.5
49.12
31.39
88.72
44.10
73.38
32.32
174.6
64.30
149.5
61.77
55.54
128.3
74.08
22.23
115.9
41.97
21.37
23.03
81.35
116.8
142.1
61.46
152.5
40.40
41.43
102.1
34.81
50.46
40.91
29.45
32.70
30.96
20.62
22.61
98.76
129.0
125.1
115.7
99.19
108.6
20.27
45.19
90.89
23.70
106.6
39.80
54.24
41.74
24.89
46.07
29.89
29.33
34.51
45.57
170.9
150.5
27.50
91.83
49.90
45.06
60.19
21.31
41.12
153.4
35.02
21.11
24.90
68.16
27.43
111.3
21.12
100.3
33.68
20.27
148.1
50.76
158.3
79.71
107.0
25.25
40.97
115.8
25.42
129.5
45.17
51.26
175.2
169.3
56.14
112.1
125.5
28.46
39.42
54.01
34.24
39.56
22.09
118.3
38.81
124.6
45.63
121.7
84.01
122.9
30.62
186.9
20.19
155.8
22.48
35.03
20.55
175.7
28.05
186.3
64.65
30.26
139.2
50.97
199.0
44.89
20.67
26.63
129.4
113.3
79.59
122.2
179.9
25.81
21.94
30.95
142.1
20.41
176.2
22.91
31.89
53.42
28.88
44.21
27.31
192.4
191.1
156.7
26.02
21.76
24.82
174.2
165.0
34.59
123.6
137.6
173.4
66.90
62.03
23.45
24.23
76.82
140.7
29.04
61.35
135.4
161.3
119.0
47.99
31.82
165.7
121.0
49.24
24.67
163.0
191.0
27.60
23.00
22.92
179.9
23.55
37.07
37.28
96.27
27.82
27.16
34.01
34.94
105.2
152.0
125.0
21.79
51.40
145.0
124.7
29.81
84.80
20.19
34.63
152.0
119.2
110.4
42.69
38.32
162.9
150.4
20.88
20.05
131.2
197.9
37.67
76.58
98.47
51.60
74.56
171.5
119.7
26.15
36.42
32.68
127.3
41.07
99.41
25.13
165.8
128.8
45.93
178.7
124.6
156.0
135.9
30.97
73.49
22.75
26.93
91.36
43.35
83.17
81.12
107.6
176.8
34.72
39.00
89.43
107.8
79.95
21.62
40.48
55.76
25.13
96.82
52.11
71.00
33.07
97.04
102.3
79.06
30.54
74.83
23.47
30.95
104.7
66.85
129.4
152.4
31.51
50.77
159.9
55.69
24.38
170.5
157.8
157.0
137.9
26.50
68.50
172.0
152.3
174.9
120.4
122.0
26.35
28.00
83.51
78.62
133.2
137.4
124.8
50.67
22.95
168.8
20.54
141.0
36.59
23.72
101.6
114.3
57.79
128.0
133.6
127.0
30.23
33.41
173.6
39.46
24.77
90.25
61.69
147.4
184.7
48.58
52.54
43.97
170.8
53.37
81.99
74.13
205.8
29.10
49.80
33.02
30.87
32.67
34.90
73.28
38.81
41.14
124.8
47.44
22.72
149.1
127.9
95.91
146.9
32.05
22.18
155.4
41.42
25.63
30.07
44.44
181.6
70.40
21.23
92.65
150.8
33.54
128.6
160.5
27.52
127.6
171.4
32.28
108.2
22.40
50.29
25.72
122.5
160.9
88.61
204.0
38.48
114.8
36.05
44.55
96.68
147.4
38.07
26.10
53.36
22.73
44.78
141.8
142.4
88.90
59.82
155.0
21.84
117.5
23.58
38.33
38.43
49.14
103.5
152.1
95.18
127.2
129.0
117.7
24.68
34.63
155.4
112.6
125.2
26.50
28.27
114.6
100.2
33.41
138.6
70.21
131.9
48.68
82.47
26.56
37.63
36.13
137.7
108.2
35.16
159.6
33.52
37.03
36.28
97.58
140.8
48.75
166.7
21.11
124.3
92.73
95.78
37.71
58.30
50.81
33.70
148.4
161.9
33.70
124.6
157.7
51.16
36.19
107.9
79.17
22.87
70.05
22.68
157.4
179.0
206.9
23.47
137.4
130.0
26.39
50.36
174.6
63.18
38.57
128.1
27.53
116.9
28.60
43.42
25.31
142.3
94.49
63.46
171.6
157.6
59.69
87.10
81.23
60.61
114.9
26.43
75.49
176.8
45.50
171.8
41.84
95.89
169.7
143.9
39.85
45.27
21.01
26.42
36.21
130.9
24.84
173.8
117.3
45.55
58.52
61.95
101.0
124.9
24.73
113.0
53.71
99.69
37.50
87.28
20.71
20.28
22.67
20.68
43.43
40.12
103.6
38.64
121.8
153.2
138.3
76.81
30.04
143.7
158.7
81.75
38.26
37.44
125.8
80.83
23.38
54.37
26.12
23.22
35.52
63.22
28.43
90.63
23.17
138.4
150.1
192.3
45.86
59.58
20.08
22.01
27.40
77.90
40.55
24.94
24.34
24.78
50.87
28.17
28.40
23.55
173.1
21.64
21.25
26.04
24.69
24.54
23.18
22.71
188.1
70.17
53.90
20.05
87.48
143.3
175.4
53.62
25.09
134.8
152.7
65.53
33.76
155.0
58.62
176.2
177.6
54.70
35.51
35.86
35.64
53.90
64.84
27.79
55.68
21.58
36.41
20.88
94.47
45.52
95.28
119.5
37.67
42.66
141.3
37.82
26.22
144.9
146.2
42.89
29.55
162.0
33.98
41.21
121.9
133.4
23.34
204.5
30.83
120.7
129.5
33.62
97.59
55.00
190.4
94.45
172.8
136.3
137.7
50.90
79.25
63.48
95.82
44.12
50.43
154.5
92.38
181.1
44.41
63.95
43.96
34.64
139.6
23.53
89.56
24.46
77.58
45.66
76.27
32.73
22.43
122.3
162.0
158.6
104.4
22.97
26.90
144.7
35.73
63.98
22.11
25.23
21.87
74.00
64.26
185.5
153.0
160.7
181.3
26.66
22.58
76.81
73.50
21.77
21.12
134.1
204.1
33.39
146.9
182.7
24.98
42.62
86.67
42.56
30.09
105.6
30.81
42.42
23.86
131.3
36.47
120.8
39.41
40.07
179.4
25.24
154.4
109.9
197.6
40.57
20.66
22.27
50.46
33.83
170.0
145.2
156.3
34.33
62.04
23.56
24.64
42.45
32.33
23.39
27.56
134.7
27.37
193.1
32.70
117.7
72.29
168.8
177.6
56.14
50.96
116.4
73.48
145.8
20.31
25.15
187.7
178.1
37.78
31.03
153.7
99.90
34.93
134.5
85.32
150.7
28.62
136.2
165.2
173.4
95.52
47.63
32.86
27.99
20.25
42.20
21.80
120.1
38.53
60.98
78.06
70.15
66.45
22.41
70.36
61.82
30.43
127.3
21.83
93.30
135.8
129.0
183.3
130.4
104.6
85.76
101.2
146.5
23.25
45.04
80.05
168.3
165.5
47.38
44.73
160.7
26.17
33.46
38.89
116.8
114.4
51.62
41.94
109.6
57.64
79.12
31.00
66.51
81.25
67.13
129.2
169.5
37.11
94.97
164.0
80.32
117.8
33.13
132.2
22.69
114.7
32.86
146.1
84.26
40.64
151.7
160.5
77.41
113.0
42.30
38.59
81.89
46.63
82.85
23.38
211.0
36.52
40.61
39.67
44.24
168.1
85.57
118.4
21.53
111.3
111.5
34.88
132.6
56.08
28.06
27.03
26.20
110.4
126.9
84.56
167.5
107.7
174.2
54.31
83.16
27.84
98.00
42.01
36.98
20.73
114.2
134.6
22.30
44.22
32.81
127.4
25.82
25.03
44.54
28.17
42.10
47.58
82.39
21.86
33.47
52.94
26.84
157.6
26.13
150.3
75.34
23.91
26.07
121.3
32.59
110.3
153.4
25.61
23.40
22.31
23.67
46.45
208.9
105.0
150.7
107.9
34.69
135.2
108.6
85.10
44.89
39.85
91.98
193.8
35.51
25.85
28.01
104.3
32.84
202.9
131.0
44.41
41.28
27.42
23.07
32.20
111.1
57.32
129.7
65.57
145.5
20.12
25.65
153.0
29.00
88.13
175.2
151.0
67.45
76.59
103.9
43.80
31.10
134.9
86.28
160.9
53.89
133.1
58.45
37.30
127.2
36.07
32.55
22.42
96.40
78.07
154.7
93.36
29.78
177.0
93.89
24.71
131.2
113.8
47.76
35.75
35.93
135.3
129.9
24.75
178.8
64.41
42.82
26.03
30.91
111.0
25.18
89.18
124.7
144.7
33.82
20.89
134.7
51.11
77.46
133.9
57.10
137.6
209.6
23.93
29.78
51.95
101.1
170.9
26.07
170.3
43.34
26.76
28.85
111.7
147.4
25.55
34.02
26.43
61.12
80.91
118.7
48.80
132.2
104.1
27.67
192.6
159.3
101.1
26.56
41.93
41.87
146.5
59.62
29.74
181.8
26.71
147.6
27.32
127.1
129.3
74.52
29.99
203.6
109.6
38.68
194.0
151.7
89.82
20.45
42.81
20.89
34.51
110.7
171.9
85.82
21.22
69.02
20.16
50.70
175.7
68.53
35.05
21.75
23.20
29.66
37.43
25.65
37.46
42.44
176.2
35.54
154.6
23.15
167.9
130.5
20.92
174.6
39.49
24.59
55.71
207.0
155.3
21.05
23.75
21.83
23.18
22.45
21.56
22.27
22.68
24.51
23.43
20.96
23.24
21.54
22.23
26.42
24.38
21.81
23.75
38.80
46.96
102.8
22.89
21.19
21.97
20.98
20.91
21.98
21.63
20.13
20.82
20.56
22.36
26.26
21.96
189.7
124.5
21.55
118.9
60.52
183.0
39.88
30.98
115.9
36.94
105.3
33.57
20.98
27.34
37.22
20.05
56.09
33.85
26.01
40.75
54.13
113.6
25.57
32.59
61.62
166.4
23.81
20.48
123.6
26.96
25.95
174.4
167.2
30.63
51.18
30.18
37.47
36.77
37.38
25.74
32.08
32.19
32.23
23.32
66.54
21.19
20.53
166.9
38.75
165.2
33.69
96.39
49.11
20.31
20.98
23.56
42.23
81.52
65.78
27.59
25.57
147.3
113.3
22.12
187.9
101.4
22.32
46.20
211.6
132.1
22.39
27.98
22.65
62.70
21.87
169.2
23.91
123.1
100.5
45.48
25.92
104.1
95.20
23.35
49.40
167.8
39.99
55.09
21.60
22.67
39.40
42.59
37.20
153.3
109.0
61.92
138.9
24.01
79.59
75.43
73.96
117.8
30.92
75.06
34.33
20.44
164.9
32.68
118.2
53.45
37.64
44.23
109.1
107.9
78.69
27.82
22.29
40.55
109.6
151.4
187.2
21.14
60.54
63.75
88.78
30.19
74.47
32.87
33.63
133.5
23.06
21.08
24.53
20.11
184.9
21.02
21.06
34.92
175.1
94.65
37.52
25.34
26.39
131.4
170.7
22.17
54.93
132.2
30.25
27.39
22.62
60.85
22.85
111.9
80.62
62.09
59.08
157.7
30.84
32.75
21.36
104.7
155.9
80.53
171.1
110.2
36.26
55.41
45.45
21.85
26.09
111.8
28.19
113.9
25.15
22.99
34.69
35.49
36.78
26.21
38.11
25.16
103.5
55.07
171.1
29.01
126.7
109.5
126.4
78.68
47.80
128.5
162.2
144.6
79.48
147.8
137.0
64.94
35.58
42.14
32.72
184.1
61.47
26.00
33.97
94.05
32.53
25.43
35.54
77.09
181.8
100.3
113.4
29.22
20.32
22.04
34.39
37.74
103.2
36.55
48.28
37.17
55.57
38.03
129.1
99.63
29.51
124.7
22.72
20.10
38.82
146.0
20.50
109.4
21.23
23.08
24.24
30.12
20.86
144.7
22.56
151.9
20.78
151.0
23.71
155.1
132.2
125.9
146.9
21.20
117.4
94.84
153.4
150.9
23.53
145.0
59.41
82.01
87.40
20.77
106.3
23.98
30.57
25.95
88.62
119.0
80.45
145.9
86.37
114.5
22.16
27.58
23.42
20.15
35.34
26.98
123.4
105.8
143.7
134.1
40.70
140.5
117.7
109.2
192.4
102.9
37.81
77.25
45.42
56.24
22.07
21.20
98.36
120.1
26.78
122.7
121.6
21.75
36.28
121.5
76.44
36.86
46.17
20.43
31.56
22.02
29.71
133.9
28.03
178.9
83.83
165.5
36.75
93.28
92.84
33.52
57.09
33.27
45.22
86.78
43.98
94.80
119.7
96.70
25.68
71.41
33.54
128.4
26.29
168.2
30.00
33.80
40.80
28.13
31.89
116.9
31.13
128.2
99.78
20.44
129.6
158.8
149.2
175.4
31.69
69.64
112.2
94.99
120.5
45.15
33.23
132.0
144.2
67.73
76.31
201.7
38.71
63.73
26.78
33.66
209.0
154.0
124.7
30.73
24.82
174.2
32.84
86.17
210.6
92.88
30.75
25.12
148.2
125.9
59.05
24.08
113.5
32.64
27.26
91.17
150.1
24.04
79.30
51.23
117.8
192.0
163.9
92.34
38.36
22.19
20.11
25.11
211.3
118.6
107.3
187.4
194.5
123.6
49.39
139.1
76.50
185.3
32.69
122.7
44.77
169.2
114.4
140.6
135.4
33.84
60.13
41.29
153.8
183.9
55.51
160.7
25.08
30.58
29.95
46.90
22.86
20.35
33.36
43.87
79.24
90.85
161.7
22.36
20.21
26.11
26.28
55.97
78.54
25.49
149.1
67.89
134.8
48.18
131.6
166.5
58.10
27.89
41.14
23.17
33.44
37.45
165.4
104.6
207.9
21.16
26.99
22.73
20.50
28.26
165.9
61.19
165.6
184.7
78.27
144.7
83.50
36.89
49.74
175.6
144.6
141.5
42.70
128.3
231.4
160.5
22.56
37.87
36.76
141.6
57.26
194.4
87.12
27.50
24.53
52.88
22.29
45.94
132.6
104.6
173.8
22.19
79.63
36.81
33.94
177.4
60.01
34.10
51.55
21.38
43.36
115.2
56.20
36.04
22.51
74.76
114.7
98.19
41.23
33.36
32.35
120.8
47.76
78.96
153.2
24.19
41.71
34.64
141.8
56.20
127.7
48.75
148.5
47.83
97.05
131.5
73.39
97.03
31.41
27.02
134.0
29.77
32.02
34.22
70.81
29.41
67.75
55.75
132.1
23.03
98.40
209.6
35.30
125.4
30.73
106.6
59.82
137.0
24.09
69.71
190.1
73.75
24.28
42.22
56.98
97.48
93.71
63.24
111.4
150.8
26.53
20.73
20.06
40.63
122.2
25.21
22.05
78.06
23.65
126.8
30.38
51.46
51.82
170.0
30.15
73.76
195.8
52.49
125.9
67.44
111.5
34.29
43.26
156.6
134.8
159.5
118.0
90.57
137.8
63.29
100.3
24.28
180.9
89.40
64.16
23.99
23.26
20.96
59.12
26.00
33.05
93.02
145.9
77.93
48.83
171.1
98.90
91.41
41.45
101.6
167.0
31.64
97.78
35.15
29.98
46.06
93.36
47.13
105.6
62.12
137.9
154.7
38.38
160.4
124.6
148.1
103.1
111.9
171.2
170.1
164.3
161.1
100.6
35.93
171.8
22.34
40.52
136.6
36.38
163.1
148.4
21.08
193.0
31.76
46.85
123.2
176.4
109.2
48.75
24.84
121.1
136.8
34.83
23.31
139.1
64.04
82.76
140.2
166.1
54.02
36.51
22.68
142.2
128.4
161.7
31.91
135.8
26.20
20.57
56.96
37.27
140.1
20.63
22.60
132.0
80.56
115.9
71.11
77.18
27.51
95.49
115.4
108.5
129.8
47.47
69.88
67.06
31.35
41.47
171.7
163.9
89.32
21.39
22.37
23.33
58.81
21.13
173.4
143.9
30.50
106.8
38.89
23.43
34.04
115.9
61.84
48.25
40.34
34.33
149.2
31.00
22.17
115.5
161.1
60.47
33.09
29.35
23.50
29.91
29.86
92.58
117.3
134.3
46.25
34.42
46.79
25.29
122.1
158.3
33.90
42.79
39.70
90.63
25.71
41.79
21.67
146.4
35.28
112.6
70.11
98.06
125.4
31.39
123.5
58.23
130.9
36.17
125.8
122.8
30.97
40.90
80.87
145.3
107.9
126.9
178.9
58.11
96.37
120.5
52.04
32.70
51.96
147.0
34.53
29.25
88.30
60.30
31.83
177.4
207.7
25.63
87.15
141.4
29.93
35.30
95.37
26.18
146.0
122.1
99.72
137.0
118.7
37.65
118.9
50.13
61.63
102.6
77.77
104.7
122.2
68.11
137.1
83.73
21.18
122.7
96.22
32.71
23.78
27.07
111.4
21.10
22.43
63.80
23.74
102.4
179.3
105.3
25.87
21.37
22.43
29.79
144.9
20.39
67.34
166.6
178.5
44.22
25.31
54.86
24.09
147.6
72.82
75.75
86.60
53.59
106.1
103.4
24.57
96.68
44.09
167.0
106.4
133.2
138.5
30.43
182.6
47.96
136.4
49.18
111.1
159.7
98.14
101.4
28.49
60.09
106.0
189.9
35.01
134.2
98.43
130.3
103.3
42.81
32.80
134.7
22.05
143.7
56.59
89.27
24.33
67.72
132.6
34.61
67.86
73.73
170.1
152.9
37.77
54.71
113.7
25.55
79.49
40.90
173.7
40.00
158.5
183.1
21.27
82.47
43.27
163.0
113.6
22.02
110.0
32.67
46.51
51.57
97.91
28.41
181.7
148.6
28.72
136.2
124.0
77.13
88.08
23.72
31.97
163.8
94.22
141.1
176.2
34.89
39.19
185.0
44.48
121.8
77.66
64.06
20.88
108.4
226.3
25.75
85.49
182.7
193.7
55.68
88.06
35.40
25.60
160.7
43.06
62.83
59.47
113.4
21.59
80.88
38.94
27.11
221.6
150.5
29.27
171.7
93.10
157.9
71.40
56.29
32.80
150.4
22.92
27.67
40.64
118.1
119.7
177.0
154.4
158.2
109.9
126.9
28.06
26.97
44.11
79.21
35.23
49.99
34.69
45.60
152.1
33.43
25.82
58.71
49.09
146.3
110.0
25.61
176.1
168.3
62.95
44.47
27.98
195.9
46.76
191.9
27.48
34.90
104.9
135.2
166.4
51.29
38.68
170.6
27.81
183.8
204.1
20.62
196.3
104.9
27.13
61.96
188.6
21.14
114.8
90.70
39.98
52.29
20.08
114.6
169.8
110.6
100.4
34.93
20.71
162.6
116.8
121.9
126.9
48.05
28.85
60.87
38.96
35.29
147.3
44.74
148.1
125.8
21.19
188.4
90.50
133.1
207.3
61.97
143.3
45.92
24.47
113.5
26.02
103.8
154.5
163.8
109.4
26.72
142.3
129.1
167.1
57.44
20.97
103.5
60.37
21.55
206.6
72.96
145.9
21.67
126.2
35.22
151.2
20.13
47.58
84.06
188.4
37.09
80.30
160.3
62.25
58.26
20.14
52.90
27.92
25.18
59.19
32.34
88.63
116.0
62.45
65.60
23.85
37.31
190.7
167.7
20.61
42.98
124.9
158.2
40.14
89.24
72.58
188.5
145.6
33.72
37.12
120.8
80.01
26.60
67.89
50.22
108.6
44.94
164.8
187.1
21.73
65.30
28.06
145.2
125.4
124.2
165.9
57.54
23.64
45.61
38.29
89.80
20.37
191.2
56.03
194.8
36.73
119.7
46.64
130.4
117.9
33.57
131.4
145.0
76.09
64.44
29.52
187.2
33.14
140.6
71.37
35.99
213.5
33.16
85.91
23.63
118.5
135.8
21.93
119.2
189.5
23.10
20.12
21.11
20.34
114.2
192.4
48.95
27.54
72.71
21.60
138.1
26.52
83.33
111.4
171.2
33.29
134.3
36.26
20.28
104.1
181.0
26.02
22.98
105.7
21.30
143.2
43.78
131.7
27.65
138.3
23.13
23.71
92.61
26.78
108.7
113.5
162.8
180.6
35.06
105.4
135.1
156.8
20.59
101.9
35.26
139.1
166.8
72.61
23.77
107.2
152.3
41.37
103.4
44.46
58.55
170.0
71.52
148.3
22.07
31.66
69.71
23.99
134.6
200.7
92.54
24.93
174.2
21.91
152.8
123.7
42.52
119.2
52.62
44.75
31.82
114.6
22.83
29.24
128.7
20.11
184.2
102.5
158.7
151.2
168.4
107.0
202.3
117.8
149.1
21.10
58.64
144.8
171.2
20.57
153.8
102.6
35.00
41.51
22.44
149.8
32.52
113.0
53.13
190.1
173.1
44.68
75.94
138.3
102.5
104.6
52.23
36.08
103.4
32.57
194.4
60.73
42.29
32.44
79.06
24.47
120.8
37.81
27.61
24.26
35.14
150.0
41.16
198.9
103.3
48.28
125.9
46.09
108.6
74.31
23.55
47.20
167.5
23.17
53.44
159.1
143.7
86.39
54.09
157.3
29.28
50.11
121.2
31.33
148.7
36.76
20.63
23.85
99.34
166.0
100.1
60.46
32.81
60.36
98.26
140.2
31.50
170.8
56.48
24.95
37.86
27.20
32.99
157.2
229.4
40.76
92.02
167.2
89.50
42.34
89.73
109.9
124.3
142.7
25.22
23.84
192.5
157.7
131.0
121.5
27.86
163.6
23.08
44.35
152.5
20.06
32.15
46.30
37.45
30.73
50.90
89.97
109.9
62.28
82.09
169.2
105.5
77.36
172.7
105.8
78.98
85.24
130.6
125.1
25.45
130.7
173.1
29.23
33.98
57.06
26.71
95.45
38.65
67.90
183.7
156.3
165.5
24.72
46.67
64.08
191.9
23.56
28.60
120.8
71.90
71.45
171.4
109.8
142.4
34.81
27.90
133.0
50.70
26.29
154.6
37.95
160.6
21.74
30.63
30.04
25.38
188.6
27.49
135.4
108.6
124.3
186.9
129.9
122.2
85.02
80.09
39.78
28.27
139.3
103.0
22.42
202.8
78.07
22.42
62.93
84.76
101.0
89.23
34.70
174.9
35.25
26.96
151.4
24.60
20.20
104.5
159.1
150.3
39.68
164.9
146.7
172.5
104.3
142.7
152.8
117.8
103.6
37.67
68.06
39.60
81.13
121.4
163.1
20.14
150.2
136.7
170.1
194.2
78.63
115.0
22.81
29.29
150.5
48.11
106.3
26.05
40.53
27.25
36.73
85.03
182.3
132.1
37.50
151.2
179.9
23.60
20.32
21.33
20.26
23.16
159.4
38.31
162.0
27.60
163.0
106.2
117.5
42.05
67.48
38.00
60.75
27.45
24.82
30.97
42.23
33.26
51.04
58.60
153.7
30.08
23.31
89.72
156.7
32.59
191.4
31.32
108.2
45.81
28.59
174.3
164.0
163.3
192.5
81.90
54.99
24.40
63.28
38.15
134.3
28.92
34.20
86.75
43.13
133.8
50.98
33.79
102.4
132.4
25.31
32.84
24.10
113.5
142.7
94.48
218.2
153.6
169.0
39.89
29.60
51.59
182.4
130.2
148.6
137.1
27.42
24.31
33.38
34.52
51.84
20.40
88.29
146.4
29.39
77.55
54.61
98.74
54.73
153.5
88.24
31.19
180.1
113.2
26.61
120.9
145.7
79.89
22.34
28.96
125.7
44.34
21.06
71.75
48.49
48.04
141.3
73.04
23.65
155.4
26.41
34.18
96.72
132.8
64.96
92.24
22.52
49.47
226.9
173.5
110.8
82.36
150.8
34.20
35.51
150.1
20.10
26.93
29.96
144.8
28.69
107.2
130.4
123.3
152.4
124.4
59.02
144.5
199.0
20.80
179.0
20.86
55.29
124.4
36.28
155.5
92.40
158.4
30.62
185.2
156.9
114.1
20.87
22.50
65.78
204.0
142.6
45.88
56.72
39.41
56.64
164.6
109.5
31.86
20.27
111.9
34.05
45.02
177.3
38.14
57.30
59.38
21.07
20.69
130.2
62.25
21.44
23.38
97.51
27.50
27.71
133.7
110.4
26.97
21.97
53.63
24.06
20.74
33.83
35.23
82.31
125.3
35.63
125.3
39.32
21.17
21.55
23.52
51.29
126.7
25.19
151.7
166.6
161.0
191.7
63.27
26.90
40.78
182.8
33.63
63.60
100.8
93.65
28.13
129.3
68.10
25.72
38.04
21.35
59.40
140.7
44.97
22.78
20.94
131.3
145.6
86.37
39.83
184.6
103.8
82.66
46.48
108.9
133.3
20.36
158.0
62.06
23.28
34.07
94.74
111.8
30.28
130.9
129.8
143.0
28.14
118.1
159.5
104.1
23.19
150.1
113.4
188.1
27.77
135.5
49.45
146.5
180.0
136.4
90.07
52.43
130.7
23.07
24.59
28.17
35.96
25.14
134.7
161.0
56.60
54.74
26.98
26.60
21.49
165.8
26.49
30.02
23.62
20.28
83.74
52.24
185.8
126.4
132.5
198.7
39.81
92.74
97.77
35.65
24.74
128.9
20.09
47.80
32.40
79.98
192.6
154.8
38.15
151.4
27.15
168.8
39.55
49.76
43.10
52.26
126.1
27.13
21.55
27.08
80.79
26.51
138.1
200.1
172.5
40.23
86.39
41.79
73.53
116.9
21.19
20.51
176.2
64.63
78.75
59.31
120.0
172.0
45.41
25.96
43.52
183.3
80.18
80.31
111.2
39.16
161.2
27.59
23.01
132.5
54.05
183.4
130.5
90.27
23.67
112.7
84.67
116.8
27.03
76.71
47.06
179.5
212.9
210.6
39.51
92.39
21.43
100.9
122.9
31.43
130.9
116.0
116.4
41.26
27.99
33.79
105.8
32.87
136.1
87.29
29.24
44.08
83.64
92.93
111.6
49.88
32.06
70.05
84.77
56.60
205.6
128.6
132.3
183.3
127.3
24.12
43.09
47.51
129.8
22.28
41.20
46.07
105.8
129.6
76.72
30.95
23.16
179.0
114.7
23.54
73.48
50.78
55.41
45.78
36.23
167.8
29.53
54.46
31.86
113.1
175.1
51.02
25.41
106.3
23.48
20.20
146.0
126.3
87.38
35.99
75.60
32.81
71.32
25.54
139.1
40.31
45.04
162.4
92.62
127.3
105.2
25.81
87.61
57.62
38.31
20.22
22.65
26.08
124.5
20.16
138.4
127.6
21.45
65.57
40.05
172.1
31.44
45.88
148.4
33.87
62.98
26.68
105.9
25.52
25.08
23.18
31.70
40.32
20.33
23.71
44.66
55.06
37.53
103.8
170.4
154.9
63.31
211.9
25.80
30.25
56.51
25.05
145.6
25.13
134.9
42.73
42.56
115.5
21.11
32.15
28.80
160.5
174.7
29.87
177.2
36.99
22.71
130.5
20.37
23.18
21.96
151.9
32.15
162.3
174.4
74.66
98.42
103.1
43.64
70.64
176.3
59.17
66.34
176.1
112.7
153.2
105.1
79.84
43.64
108.5
37.70
135.0
36.46
24.29
98.81
143.5
26.65
108.4
51.44
38.62
151.9
26.11
125.3
61.42
35.54
138.5
81.07
134.4
20.27
75.71
23.83
127.2
158.4
31.60
119.8
25.21
126.8
61.48
192.7
97.99
22.01
153.8
26.26
180.7
48.87
80.01
32.59
163.7
57.95
24.78
192.7
71.69
37.32
53.08
59.34
20.12
54.49
102.7
109.0
101.2
42.90
87.33
125.9
153.7
179.6
44.44
20.58
56.21
37.18
31.58
168.9
119.0
51.92
23.14
155.9
43.16
27.38
23.14
44.55
32.17
24.08
33.16
54.71
170.1
87.88
156.5
129.3
182.9
22.97
22.09
158.2
21.20
140.5
213.9
161.9
46.06
24.62
143.6
52.29
78.28
26.54
92.53
98.91
51.27
64.71
146.0
89.15
23.08
67.64
27.95
141.7
183.3
90.14
49.26
163.7
180.8
41.86
45.46
66.43
39.22
145.9
21.85
86.57
68.24
24.80
28.14
46.27
164.7
43.75
104.4
155.1
26.78
28.04
150.6
40.53
182.4
77.67
173.6
55.43
188.3
41.33
22.79
171.8
20.43
172.7
119.6
42.63
22.23
56.44
54.20
21.28
59.17
28.13
78.40
22.73
146.9
24.98
75.89
153.7
47.21
47.14
27.69
49.52
148.9
139.2
137.9
127.6
75.67
76.94
35.01
32.89
122.7
177.8
21.79
34.74
199.5
127.1
164.2
155.9
105.5
21.83
35.91
38.50
161.9
72.10
64.74
183.0
44.31
22.49
137.9
107.0
110.0
22.69
129.4
148.8
22.89
59.58
135.3
34.04
151.1
26.83
120.0
135.0
178.2
32.35
150.3
23.42
45.48
40.83
107.3
22.45
113.5
35.08
38.11
81.97
131.2
31.24
20.75
190.5
51.11
27.31
45.23
161.1
20.13
139.2
74.57
110.5
37.21
113.9
24.00
21.70
42.27
119.6
181.6
150.0
123.8
128.6
26.56
96.69
140.5
130.5
95.32
72.64
22.42
106.3
134.2
217.7
40.77
119.8
44.18
115.1
67.56
124.9
25.35
36.08
43.50
40.44
102.7
25.18
35.04
105.8
163.6
132.4
26.85
186.1
161.4
56.09
166.6
36.58
58.91
42.60
135.5
33.42
38.66
35.90
95.67
140.3
47.79
32.86
40.74
73.67
77.57
20.08
123.3
121.9
47.77
152.6
212.3
60.18
92.72
170.6
23.04
177.3
59.01
125.6
21.25
41.93
40.88
151.5
50.76
44.88
41.28
140.5
21.78
63.23
41.34
208.4
110.9
24.70
124.7
108.5
23.55
23.88
30.21
26.81
34.31
96.82
109.3
96.75
172.8
151.5
170.0
30.23
175.8
52.42
106.7
168.4
136.4
24.16
123.3
75.13
21.90
140.7
67.08
108.1
104.3
58.62
98.90
146.1
198.8
140.6
21.24
170.6
142.3
142.5
98.21
181.0
27.03
31.19
196.9
39.55
37.58
181.0
48.15
168.2
33.69
124.6
20.09
21.34
117.3
51.59
49.12
75.58
96.85
28.07
21.40
47.58
89.18
37.33
97.93
105.1
99.02
111.2
143.2
111.0
47.81
40.52
76.28
48.93
107.7
120.3
21.65
23.94
35.88
114.9
65.91
35.18
70.34
50.55
51.42
73.28
24.13
22.69
106.0
114.0
114.1
128.0
85.61
57.05
22.78
142.6
114.5
89.40
23.31
185.1
45.29
122.7
44.08
51.81
27.53
21.70
165.0
182.7
52.81
98.03
91.35
108.5
32.33
125.1
28.03
130.9
130.2
21.30
68.79
117.6
28.21
171.0
92.01
148.6
30.44
48.87
158.7
66.02
135.0
49.65
134.7
116.6
54.85
154.5
113.9
42.90
48.77
52.21
104.9
149.6
39.79
49.01
126.1
24.90
31.35
34.77
26.00
87.44
89.06
44.60
20.38
119.6
44.34
120.9
97.44
43.55
57.73
213.8
29.09
144.3
126.0
192.8
27.01
30.63
169.1
21.89
131.5
126.5
29.52
215.7
25.43
53.01
27.47
114.5
192.3
152.4
146.8
154.3
59.14
98.89
44.50
29.08
31.89
25.41
24.72
37.75
46.06
162.8
117.8
80.19
25.86
40.62
104.4
175.4
20.50
71.96
49.08
115.9
64.85
111.0
68.91
146.9
43.05
34.36
31.87
114.7
45.31
188.1
164.3
27.67
55.58
49.88
30.76
29.01
40.42
180.8
145.3
20.36
64.61
21.81
20.21
37.14
103.3
93.97
166.8
84.74
22.06
56.85
26.77
114.0
163.1
38.81
25.38
43.06
95.95
183.2
21.82
164.6
82.15
146.4
129.0
156.5
100.7
101.6
188.2
20.29
34.71
73.52
25.17
160.5
46.35
155.5
150.8
20.68
98.70
26.53
115.8
29.46
40.05
22.28
31.24
37.80
30.89
199.8
86.97
176.4
130.7
60.64
40.14
77.01
98.64
67.72
136.4
195.1
116.8
41.54
193.7
111.2
108.8
132.3
25.85
144.1
20.55
161.1
40.39
95.73
184.0
68.72
24.21
24.06
149.4
38.14
90.76
150.6
121.3
28.17
26.53
42.76
34.36
155.7
109.0
24.90
162.1
32.40
23.78
125.2
40.06
180.9
33.22
218.4
20.06
20.70
120.7
169.4
20.75
87.94
24.71
48.33
80.68
51.43
33.51
35.23
103.1
24.67
121.8
32.72
187.3
21.56
69.13
166.3
164.8
163.9
22.36
146.6
31.74
128.6
48.31
25.11
33.82
61.49
21.99
162.4
164.4
191.9
20.66
40.95
168.4
108.5
147.5
51.46
141.1
33.08
110.6
20.79
154.9
126.6
147.3
69.71
26.60
35.42
26.84
42.97
112.2
29.89
164.3
61.01
65.01
57.25
44.51
165.8
105.5
109.0
162.4
21.09
100.8
81.40
109.0
86.07
93.69
29.29
32.92
42.23
26.43
24.91
35.30
46.32
30.31
30.87
27.43
98.90
171.0
136.9
158.6
23.75
75.64
93.52
23.65
26.75
43.57
189.5
23.22
99.12
108.0
84.52
21.82
68.00
32.91
127.1
28.10
127.5
164.2
129.0
84.07
156.5
109.1
115.8
31.92
103.3
22.91
48.57
30.49
118.6
46.36
167.4
177.4
103.0
103.8
135.9
157.7
50.35
130.7
139.9
47.62
135.1
118.7
49.62
26.08
103.3
28.67
24.28
152.0
27.85
27.80
75.44
25.78
41.92
32.05
151.0
111.8
21.18
24.54
23.52
28.69
137.3
34.31
86.96
95.44
167.5
28.61
43.31
139.0
172.3
29.44
28.63
28.66
133.0
21.83
132.0
29.69
20.14
60.83
90.69
131.9
34.00
102.2
21.82
100.0
45.06
188.8
109.2
155.2
61.60
34.95
174.1
189.3
135.3
24.35
31.24
25.46
142.8
41.81
93.42
60.29
62.99
157.4
95.38
47.44
28.03
33.81
189.5
39.12
21.89
123.4
34.48
27.36
153.1
101.1
94.16
200.1
148.9
118.8
164.9
38.68
21.42
36.22
74.30
113.0
125.3
22.02
43.24
53.04
160.7
150.2
39.27
31.63
66.98
138.1
41.11
110.2
21.55
218.1
129.9
48.94
88.82
166.2
62.12
30.57
150.6
142.4
96.62
86.13
28.46
43.46
159.6
20.26
21.81
23.37
173.1
35.14
21.48
28.94
186.8
125.1
47.87
20.61
22.37
147.6
24.29
29.51
24.21
192.5
23.25
35.05
140.1
128.9
113.6
109.4
116.1
30.07
25.79
25.02
43.19
25.07
219.9
22.75
121.3
85.74
59.73
116.0
20.48
21.41
140.2
45.47
39.69
29.54
28.94
21.29
27.02
124.7
25.83
23.69
44.48
192.1
99.00
109.9
24.22
35.68
53.88
38.43
78.66
114.5
27.04
130.1
22.12
155.1
119.0
41.53
31.84
34.14
29.24
95.10
123.2
25.30
20.42
140.3
53.09
98.57
50.82
132.1
174.2
117.8
100.1
131.5
181.7
27.88
211.0
29.04
43.65
36.50
34.55
22.41
122.0
55.02
132.3
66.59
175.5
122.8
49.80
21.83
114.5
146.2
112.3
96.34
49.46
59.78
24.58
33.68
31.25
204.0
142.5
66.50
54.19
32.90
48.34
29.32
41.57
51.29
24.18
65.39
54.30
42.78
52.67
23.25
37.51
135.0
148.2
97.88
25.90
129.2
72.31
131.1
26.35
36.64
119.5
29.05
28.65
24.94
113.3
44.12
25.18
32.72
58.71
169.6
71.54
24.03
24.75
48.12
40.32
22.32
132.1
60.33
153.8
21.38
162.6
25.09
136.7
29.82
23.97
165.2
47.50
166.0
104.0
95.37
33.93
24.78
29.54
84.32
154.6
92.37
123.3
104.4
34.08
114.8
134.4
136.3
126.8
192.3
35.28
118.3
166.9
74.85
53.75
37.81
21.81
42.74
143.5
110.2
110.9
133.8
89.94
48.98
27.62
30.80
138.5
138.5
24.31
160.2
81.42
20.79
149.7
164.1
40.38
20.19
128.5
125.5
126.9
30.05
145.8
48.67
46.10
37.31
71.03
122.0
145.7
44.35
124.4
106.1
25.84
142.0
24.67
101.1
150.0
114.7
25.98
30.97
127.9
110.6
116.0
33.28
109.3
25.84
40.18
40.83
223.3
33.36
162.1
108.2
32.03
105.3
179.0
24.45
75.20
108.0
80.01
134.0
26.19
163.1
145.7
25.38
25.51
157.4
154.7
41.82
46.33
104.4
43.93
46.35
120.8
21.91
54.71
86.84
156.3
116.3
29.08
96.01
114.6
93.72
112.3
26.21
29.60
21.07
122.0
43.72
45.74
33.23
140.1
102.5
68.81
65.17
29.99
177.6
29.50
127.6
119.2
166.8
92.46
20.88
21.98
183.8
156.4
24.70
143.7
56.76
175.5
182.4
91.45
117.2
35.17
91.80
26.41
21.38
179.9
101.8
27.07
81.23
21.11
25.39
126.9
191.2
135.9
27.46
25.55
160.4
53.05
35.99
45.11
83.52
111.0
98.76
125.1
171.4
153.2
157.6
57.15
135.1
151.6
82.67
34.29
155.5
61.51
48.45
23.47
26.71
49.93
123.7
41.15
38.69
123.8
129.5
25.46
36.20
34.56
133.1
54.42
34.97
25.84
94.80
32.69
41.75
63.66
186.2
36.80
156.9
21.13
23.49
45.75
142.4
36.16
48.18
62.70
32.66
133.9
168.7
78.23
79.48
25.24
135.8
47.73
74.86
21.81
38.34
116.2
26.64
20.81
47.00
51.27
200.2
60.03
54.30
162.2
51.92
21.89
22.24
102.7
111.3
76.23
106.8
67.95
129.6
125.8
157.4
32.72
133.1
120.5
102.3
20.81
42.96
27.56
132.7
48.73
31.88
69.77
42.62
146.5
128.3
32.50
89.02
44.13
102.5
113.1
188.1
22.45
194.0
155.7
35.03
55.85
177.8
24.95
28.05
24.28
174.1
57.64
26.18
40.88
147.8
122.9
85.00
30.20
158.1
113.8
177.2
137.5
158.0
144.6
106.3
158.9
20.23
33.34
231.0
40.24
38.03
98.02
35.93
158.2
24.89
36.89
159.5
121.9
149.9
56.96
72.29
53.02
49.69
20.36
92.96
104.6
80.20
20.95
20.27
166.9
35.38
41.47
25.06
25.91
20.08
51.95
113.2
44.03
50.47
32.12
25.29
117.8
189.3
149.2
115.4
139.8
123.8
28.63
24.50
34.44
25.01
36.98
95.43
87.71
119.1
34.04
101.0
41.69
26.71
164.5
99.11
29.23
156.3
23.35
184.2
57.38
111.1
144.1
27.91
35.33
105.2
27.31
132.1
25.98
101.2
159.8
26.46
128.5
65.74
47.71
222.1
36.45
175.2
127.2
35.29
109.9
171.4
132.4
127.0
28.65
23.86
194.9
21.85
116.2
130.0
43.69
128.8
52.31
43.24
138.3
141.8
41.88
48.17
20.15
94.03
48.33
75.43
140.7
135.5
28.77
142.6
129.9
51.43
29.04
164.8
29.16
74.39
36.61
39.49
22.16
20.10
28.75
161.8
27.61
28.32
26.16
40.74
110.1
55.63
115.5
197.6
48.26
21.07
168.1
27.99
199.1
32.79
95.70
115.6
22.58
34.77
35.70
102.4
154.3
40.73
96.43
107.9
26.14
180.4
129.1
35.71
55.03
37.16
99.17
23.82
149.3
123.7
143.0
202.0
75.56
33.53
82.21
47.14
31.08
177.8
24.83
25.66
115.6
53.66
73.21
66.97
89.45
38.17
56.67
158.1
43.73
38.68
167.3
139.7
22.26
164.9
107.7
21.97
118.2
36.39
111.8
104.2
40.62
24.79
25.12
133.7
24.66
112.1
33.81
46.86
143.6
182.4
41.72
31.42
129.6
128.8
153.4
29.64
29.31
42.81
78.00
31.84
76.12
224.9
161.2
106.8
70.87
22.90
183.1
92.26
47.08
29.43
148.5
28.03
164.7
22.30
33.85
29.03
165.1
183.8
99.25
30.61
85.51
59.42
23.76
143.1
189.5
26.23
30.99
36.74
167.2
173.6
127.1
78.69
131.0
102.2
25.69
91.82
55.80
163.4
43.14
30.74
77.42
32.67
79.76
49.56
50.25
35.84
29.53
21.40
21.22
31.62
99.83
36.72
53.66
168.3
124.1
23.60
76.71
31.21
187.1
116.4
105.2
30.21
54.59
174.1
97.17
125.5
105.7
32.98
88.65
150.7
22.29
140.1
22.95
151.9
25.42
107.9
25.02
135.9
23.91
22.52
153.0
21.74
158.8
39.46
215.5
59.34
29.52
51.50
30.02
158.1
225.9
20.75
22.63
138.3
47.38
52.53
155.9
46.59
29.12
66.07
148.5
56.95
25.98
125.0
28.49
27.66
21.91
60.74
55.45
57.20
108.4
98.30
134.0
26.32
82.65
124.0
21.32
31.13
58.62
34.11
24.77
184.8
60.18
33.83
32.63
78.00
117.1
160.7
158.9
118.2
184.8
138.3
78.62
174.1
132.4
143.0
26.35
28.12
174.7
196.0
24.06
193.4
50.04
151.2
157.7
101.4
171.1
20.76
181.0
23.83
202.1
174.2
106.2
122.6
22.12
34.91
21.34
25.23
150.0
88.67
27.12
116.3
138.5
38.45
29.11
64.00
85.17
65.35
24.44
99.61
170.6
105.3
165.1
61.04
48.75
143.5
59.57
41.17
160.8
35.15
168.1
31.15
121.9
161.8
67.33
22.88
99.72
98.00
70.39
32.48
96.92
77.18
34.31
26.50
151.9
199.4
28.87
131.2
135.2
84.27
158.9
21.43
60.79
166.7
183.4
20.74
50.45
50.55
38.33
113.1
65.00
119.1
29.04
28.98
22.96
39.97
200.8
22.91
26.99
52.87
36.69
116.8
32.57
49.80
20.64
147.4
27.84
25.07
196.0
106.7
85.67
44.49
37.11
106.6
172.7
23.29
138.6
35.65
49.07
78.03
25.42
68.71
30.17
23.16
125.4
110.4
39.04
22.31
23.60
53.60
38.97
20.54
24.55
59.12
170.4
81.85
20.81
20.54
38.12
27.69
185.7
209.1
24.16
116.0
99.57
138.4
22.99
29.81
178.8
34.28
20.49
92.01
21.01
57.62
112.1
41.58
187.6
108.5
84.99
149.4
32.24
57.62
89.54
33.43
146.8
179.4
38.29
27.56
104.6
42.21
152.8
55.97
95.53
22.05
39.62
71.63
21.41
38.04
32.28
31.54
31.78
67.88
29.24
30.43
127.5
67.79
35.43
127.5
131.3
21.94
85.78
33.47
70.22
44.05
170.6
169.9
25.03
107.7
165.1
122.1
20.82
21.21
70.77
26.87
46.78
25.25
28.65
70.48
110.1
46.29
22.42
142.9
92.81
69.32
49.54
29.71
27.58
49.35
53.54
93.56
65.27
166.0
147.9
39.52
93.57
68.16
135.9
74.86
33.74
70.06
184.6
30.38
83.56
135.9
37.50
20.26
108.7
27.55
40.82
135.8
101.8
102.0
22.81
30.55
20.43
22.23
131.9
103.8
33.27
42.41
118.3
177.4
32.41
38.97
122.0
26.49
23.79
92.87
175.2
24.31
53.02
33.98
23.29
86.42
135.4
37.36
26.57
34.31
24.30
41.55
132.7
51.61
186.6
43.99
201.1
20.57
46.48
21.63
97.29
59.01
66.23
91.59
35.16
108.1
21.29
120.7
96.58
152.0
221.7
152.5
198.0
44.18
45.94
181.6
47.18
124.9
25.40
51.41
119.3
134.6
24.93
28.09
169.5
31.46
207.0
121.1
114.4
115.9
100.0
104.7
96.89
30.66
57.97
153.5
110.8
122.1
24.47
177.6
27.73
33.95
151.5
26.14
23.97
119.7
132.5
21.71
81.86
41.05
101.6
37.74
84.94
78.73
22.02
199.1
136.5
42.51
103.8
39.80
27.30
21.90
30.01
59.14
138.6
117.5
155.7
41.87
79.68
21.77
83.46
114.3
20.39
42.37
24.25
47.63
147.3
29.00
165.8
128.6
152.2
109.5
175.8
203.6
24.13
25.94
106.7
38.42
57.52
189.9
21.14
20.48
141.2
50.88
149.8
189.2
25.63
41.93
21.29
25.76
68.04
34.24
32.40
199.9
27.64
137.5
58.95
93.95
20.64
29.82
104.6
79.49
137.2
26.74
112.4
38.80
21.77
225.7
22.48
21.47
61.10
111.6
86.84
27.57
138.8
142.5
36.86
126.4
216.4
144.1
100.4
51.98
20.55
87.31
178.9
202.9
23.03
86.22
150.0
160.2
90.01
22.16
149.3
198.8
45.92
125.6
142.5
153.2
53.12
153.2
21.69
90.30
27.07
27.56
108.7
105.8
27.07
32.82
75.51
23.42
151.2
96.71
109.2
22.20
26.14
50.93
26.24
95.46
54.52
80.19
93.80
20.58
184.1
88.25
25.52
42.42
69.96
125.2
87.07
116.0
66.30
26.93
131.4
36.30
27.84
25.32
132.4
88.14
151.9
151.5
45.57
137.2
134.0
191.0
145.4
43.67
103.3
180.1
182.2
182.6
21.36
121.5
87.63
29.29
62.03
70.69
138.5
110.3
151.8
52.18
77.04
75.49
78.33
34.78
25.14
76.76
121.3
34.76
139.7
58.83
25.58
156.1
23.92
20.93
37.94
90.70
34.02
130.4
165.0
84.40
27.36
72.38
39.49
25.21
159.2
20.31
164.2
117.7
27.54
160.6
110.2
99.05
111.3
148.3
36.57
49.03
147.8
39.24
54.81
58.34
33.87
27.68
147.8
34.06
92.34
170.1
61.15
98.47
85.11
112.4
202.8
31.90
60.27
69.34
26.00
118.2
97.62
154.5
24.84
111.2
31.66
161.7
41.52
152.9
140.9
130.6
118.0
75.18
44.56
52.31
35.72
92.98
166.4
114.7
164.8
24.42
76.35
45.69
94.67
158.3
129.5
80.52
81.35
54.00
148.0
29.10
125.4
36.59
102.8
21.23
109.9
35.09
156.0
20.10
22.79
25.45
21.68
31.49
71.39
112.6
39.54
84.50
181.3
124.3
120.9
113.0
20.34
73.63
134.3
55.97
52.94
23.29
40.99
140.2
100.4
39.76
36.77
29.87
37.78
120.8
22.42
49.59
31.13
128.3
93.23
108.2
120.1
153.8
137.9
154.5
149.2
22.54
24.43
188.4
39.87
23.20
156.6
134.1
129.4
30.64
97.42
23.43
99.92
109.0
121.2
24.57
160.1
103.9
167.4
20.98
184.6
124.2
196.6
36.95
126.1
49.51
52.01
53.96
136.8
97.77
110.2
60.33
25.29
144.3
37.90
163.8
26.29
198.9
118.2
162.8
137.8
31.73
42.73
22.10
111.6
116.6
107.5
79.76
33.60
137.2
20.72
51.05
85.88
75.47
56.82
98.84
126.1
95.99
21.09
30.13
171.2
149.9
49.32
85.54
84.29
170.2
165.8
118.2
46.89
34.62
131.2
93.48
166.2
42.18
156.3
20.09
178.0
102.0
45.42
20.79
21.55
201.7
21.42
100.1
96.45
77.80
60.80
69.92
33.29
53.97
23.15
77.63
174.4
88.19
29.33
20.37
69.96
96.88
151.1
115.5
37.83
135.5
194.8
35.31
53.75
140.4
89.76
29.62
21.99
23.63
57.38
22.13
34.08
47.91
41.04
20.78
52.28
24.48
185.8
165.8
147.1
55.74
23.91
175.0
71.28
175.4
159.8
112.2
85.93
60.49
31.99
111.7
76.51
131.7
112.9
40.13
154.1
111.5
173.8
112.8
201.4
25.23
106.6
146.6
40.73
74.90
34.03
27.86
73.37
21.78
128.0
20.44
92.28
100.7
70.45
27.28
56.08
176.5
66.13
150.2
41.42
49.93
43.13
30.31
47.10
114.1
161.5
64.76
21.47
30.10
137.3
189.5
202.5
112.1
74.76
120.9
27.98
20.08
115.1
32.83
40.22
37.22
55.78
79.13
136.0
143.2
33.27
28.88
44.29
30.03
113.7
20.72
116.7
92.44
33.52
178.6
22.20
122.6
136.5
21.39
141.2
100.7
184.1
60.55
30.39
189.0
204.8
84.70
71.26
43.94
167.4
191.5
66.44
38.47
142.5
20.48
106.0
129.6
85.83
127.2
29.81
165.3
27.53
99.04
31.11
48.49
25.95
131.9
81.20
42.13
48.67
80.88
46.42
73.36
22.72
23.07
168.0
33.59
33.11
155.9
31.09
157.2
29.01
109.6
22.94
93.78
156.1
21.16
43.92
107.5
29.86
135.1
86.10
139.4
82.49
91.68
35.73
123.1
209.0
25.05
66.83
134.6
106.9
43.82
121.8
21.13
84.13
133.9
50.08
68.98
70.62
25.83
163.3
111.1
133.2
20.26
161.4
130.5
53.61
118.9
169.9
26.90
149.7
106.9
25.71
138.9
167.8
73.73
23.43
35.38
146.8
35.03
180.4
69.51
20.06
82.13
84.14
104.0
132.2
21.48
75.21
98.13
154.2
77.02
134.2
71.95
206.7
71.21
170.7
23.01
30.84
186.7
145.3
68.86
90.73
151.3
135.7
107.9
175.4
104.9
26.81
109.1
85.60
192.2
113.1
99.68
73.19
152.7
112.1
82.51
38.06
99.51
29.78
32.46
23.09
94.58
25.69
67.37
197.6
92.91
61.88
34.78
45.52
51.38
67.38
90.87
27.21
51.36
27.48
167.5
187.6
146.7
33.92
21.95
83.76
31.03
22.26
200.2
131.7
114.3
60.89
48.40
92.22
42.04
123.2
30.75
126.0
107.2
180.7
163.0
29.50
24.20
208.6
84.57
23.12
84.95
82.89
93.97
24.46
105.6
78.81
28.79
164.7
37.20
161.8
89.27
113.1
62.40
69.85
35.45
45.43
57.67
39.56
27.50
28.15
20.28
35.89
32.90
185.3
24.29
55.40
233.7
120.5
97.48
176.0
119.8
59.92
30.41
131.7
21.10
143.7
38.93
25.96
41.54
54.35
51.90
114.3
214.9
143.2
183.2
121.3
22.49
68.18
20.25
195.6
60.61
165.0
137.3
103.9
59.36
53.01
27.38
31.93
141.6
26.35
177.2
52.73
23.27
39.48
23.58
98.76
164.6
74.35
97.05
28.94
22.48
99.74
53.58
28.91
137.0
38.61
20.51
27.37
82.29
21.26
21.10
30.80
41.71
110.8
43.22
52.54
28.12
56.76
70.89
43.36
41.65
54.84
23.36
37.46
34.65
45.11
27.30
177.0
29.18
23.27
20.07
233.1
26.58
23.08
33.66
84.62
170.6
20.84
23.08
23.57
34.43
43.95
129.3
112.1
25.05
27.81
36.46
119.6
130.7
152.4
189.1
22.99
93.66
126.4
84.03
59.93
57.66
38.23
190.7
124.4
54.53
51.52
28.65
35.36
174.6
91.68
137.8
25.67
31.78
103.1
167.4
86.16
51.86
64.11
168.3
74.45
173.7
139.0
52.83
23.71
26.40
53.43
149.1
44.89
124.8
195.2
91.51
45.58
164.5
76.62
23.18
44.31
35.12
61.44
33.72
115.1
189.4
48.66
29.39
99.08
23.45
83.45
80.77
26.86
152.8
183.1
88.13
20.79
21.86
140.0
27.78
140.9
53.71
161.4
192.9
54.90
63.22
53.75
62.08
161.6
174.5
143.4
42.27
84.14
122.1
46.43
112.6
89.15
34.46
39.21
31.83
51.86
79.46
143.9
163.3
73.97
142.7
175.8
151.6
156.2
198.8
146.3
99.49
63.69
34.88
83.46
62.77
98.48
139.9
21.76
23.57
22.83
100.9
68.47
24.06
21.04
32.43
165.0
74.40
232.7
128.7
109.1
154.8
30.99
144.7
59.78
145.0
106.1
150.0
127.6
67.61
158.2
139.9
73.71
36.90
20.13
129.5
83.79
147.5
210.4
49.88
37.97
115.7
151.8
21.07
20.80
136.5
42.08
32.43
44.46
33.67
47.28
121.4
41.21
21.37
198.0
105.0
21.39
122.2
27.02
230.0
82.68
86.72
61.41
85.53
28.68
115.7
160.6
164.6
34.26
224.0
175.2
20.31
21.31
163.4
23.17
130.0
22.69
26.66
193.0
53.92
25.74
100.9
45.71
185.2
21.37
41.39
23.51
22.52
32.56
39.22
62.93
186.9
48.17
59.76
39.44
92.04
24.29
43.07
43.80
40.13
196.4
32.79
134.5
20.80
59.04
65.11
35.56
73.03
28.85
35.20
34.02
57.86
60.08
39.46
90.91
119.0
23.72
62.85
22.66
152.6
36.59
164.2
162.4
132.4
57.04
38.69
29.59
27.92
87.78
140.8
28.58
92.37
179.7
23.12
49.37
39.07
28.58
139.6
191.0
150.9
20.62
35.33
147.3
24.81
130.1
125.3
55.44
173.0
188.1
144.2
35.99
43.62
155.6
42.86
23.81
31.97
36.18
60.83
231.3
205.5
126.0
20.20
21.54
109.7
49.56
96.25
61.95
40.38
145.7
106.8
30.54
61.59
25.90
140.9
210.8
151.5
28.52
116.2
40.52
179.2
165.4
156.3
22.86
162.1
138.4
20.95
24.34
123.8
35.83
173.0
72.70
115.6
154.6
142.0
68.67
103.4
119.6
148.1
24.93
122.1
114.2
21.06
21.02
22.85
113.7
33.95
66.84
57.65
20.69
38.04
20.11
99.69
31.27
23.45
27.69
88.02
54.80
26.99
21.78
74.34
55.66
31.40
159.9
63.94
23.34
125.3
60.02
58.56
24.53
84.43
87.78
20.83
20.21
220.5
66.90
32.17
154.0
36.82
115.9
50.97
115.6
29.34
157.1
109.5
194.7
122.5
27.53
20.90
28.91
52.41
22.66
23.44
151.4
117.6
38.48
110.5
65.13
70.64
90.71
128.7
29.99
20.22
32.76
88.00
68.29
50.63
59.17
185.0
169.9
192.8
48.38
136.6
116.1
26.03
177.6
105.2
120.4
32.24
73.98
106.3
23.12
49.78
86.06
24.19
141.6
24.35
26.52
23.03
26.03
165.3
34.73
127.8
51.79
24.15
22.72
99.45
42.22
35.61
52.62
24.95
24.70
151.3
91.18
83.19
41.96
139.5
37.59
123.3
30.89
144.2
102.9
114.0
44.01
40.20
24.36
57.71
145.0
104.9
30.55
21.63
170.8
115.3
41.87
24.03
194.0
102.2
44.97
50.39
33.56
26.44
150.7
79.88
151.8
217.9
175.9
128.3
30.27
119.4
41.19
135.0
70.58
22.98
26.66
30.21
123.0
38.10
84.22
71.62
28.64
111.1
110.6
20.44
23.53
27.93
45.20
39.39
157.0
124.8
37.07
22.60
158.9
59.70
162.3
188.2
24.73
191.0
30.52
22.71
111.5
168.1
52.48
21.19
103.2
52.71
117.3
21.26
21.94
160.3
57.31
81.67
25.64
31.27
135.8
47.76
41.52
64.25
153.5
164.9
86.40
164.8
44.19
95.42
98.72
131.5
32.31
151.3
27.32
160.2
47.99
31.66
126.3
57.68
46.00
31.25
22.01
144.3
40.70
40.55
131.2
24.76
110.1
68.47
52.22
31.29
60.38
21.09
143.7
124.7
109.2
27.79
29.59
54.79
42.13
138.1
23.12
105.0
130.2
42.69
144.5
78.57
23.88
203.4
21.49
157.8
140.7
146.4
141.0
25.36
36.13
61.23
140.3
123.8
109.6
90.18
129.9
64.58
123.4
84.72
79.35
96.21
25.87
146.1
140.2
116.5
20.91
20.11
38.48
92.28
112.1
109.1
70.70
117.4
86.70
73.65
35.48
24.76
161.6
144.9
210.5
39.69
62.17
68.94
162.7
94.10
35.18
50.10
48.75
175.8
157.7
122.1
20.20
83.15
41.37
110.9
40.40
22.67
50.10
47.39
70.88
89.65
21.47
129.5
72.03
27.03
25.64
115.0
27.97
144.2
124.5
39.64
139.2
20.09
26.41
104.4
56.91
38.15
135.2
103.3
138.9
140.3
23.60
118.6
45.05
25.73
133.0
147.9
119.9
22.06
24.76
50.69
125.0
96.92
177.5
59.33
132.4
91.85
188.0
99.85
97.10
40.84
123.4
40.47
182.8
36.36
20.14
129.3
33.10
30.15
23.97
48.76
42.72
21.64
157.7
32.38
34.45
35.08
86.52
122.9
21.19
108.1
133.9
36.28
136.3
116.7
28.31
58.49
150.6
139.0
134.6
27.76
142.6
158.5
41.81
24.50
140.0
111.5
41.28
198.6
23.72
130.3
20.90
201.1
136.4
205.6
112.0
153.5
23.01
21.80
22.49
130.6
178.8
22.28
20.49
39.20
137.1
114.2
158.9
91.31
117.1
117.9
96.41
56.95
25.37
37.98
26.66
120.6
214.1
63.08
22.20
21.24
35.78
83.20
74.38
193.2
47.75
30.60
206.2
32.89
26.42
141.2
149.0
83.69
140.3
169.7
100.7
27.01
50.85
113.0
164.7
110.2
32.99
79.79
45.00
92.07
34.67
32.07
28.51
48.40
162.5
111.0
71.30
188.1
23.23
24.71
180.5
37.53
48.37
42.04
123.4
100.7
173.3
70.97
27.95
161.8
69.22
172.6
40.61
20.59
48.24
174.1
95.46
100.2
79.24
110.0
45.31
28.45
124.4
141.6
63.68
128.2
26.78
48.65
26.80
21.15
29.74
143.7
187.6
26.56
23.93
37.59
24.48
91.10
31.50
111.7
122.8
21.72
176.5
22.48
53.63
53.72
155.8
21.59
23.54
171.2
28.78
130.2
58.26
110.8
133.1
109.6
68.88
112.1
118.3
35.85
43.26
29.26
21.78
25.28
23.33
24.48
23.65
27.24
111.5
111.1
176.7
40.97
182.5
160.7
47.73
38.40
26.02
160.2
31.17
87.11
29.43
114.8
122.0
96.71
179.1
86.70
42.11
107.1
77.48
37.98
99.56
184.1
39.59
132.2
25.94
131.4
80.54
39.20
25.01
67.40
39.96
23.77
136.0
123.6
111.2
42.99
26.87
100.9
135.6
23.79
40.15
33.52
110.8
79.13
24.61
63.34
27.78
20.62
92.49
116.0
31.97
68.86
28.86
53.93
112.3
200.2
60.70
22.19
20.07
143.6
128.6
28.29
163.4
162.0
35.80
89.02
147.0
24.69
21.92
74.01
56.17
148.2
113.2
34.00
174.5
168.2
47.92
121.6
93.73
26.20
142.6
62.76
115.7
217.9
118.8
163.1
33.34
40.34
29.58
24.97
100.1
179.4
62.51
109.5
164.5
96.56
194.1
60.19
24.17
79.31
186.8
121.8
86.35
44.35
122.8
165.8
174.7
33.60
40.92
78.84
84.36
91.85
169.8
33.92
42.34
105.2
108.1
96.14
32.39
50.43
37.55
179.0
120.2
87.19
50.86
117.6
178.6
89.43
58.20
171.9
35.66
119.8
24.64
122.9
152.2
113.2
37.68
98.79
85.73
116.0
213.8
31.01
37.38
32.65
37.13
27.66
96.53
36.85
173.0
113.3
22.02
108.6
25.71
165.6
54.27
20.86
41.19
108.5
166.3
35.78
165.0
37.84
76.59
56.36
86.02
27.95
116.8
25.72
64.04
129.1
80.96
40.32
59.80
106.7
35.20
116.5
164.8
122.8
133.8
38.85
23.72
167.5
65.71
61.34
20.78
134.9
39.78
20.41
150.9
47.99
37.47
35.70
161.4
22.41
73.00
26.96
130.9
22.23
171.7
46.22
71.14
107.9
67.23
24.81
133.6
206.7
32.30
58.50
181.1
107.2
23.32
30.58
43.23
27.09
34.79
30.80
146.8
43.95
161.8
42.28
52.24
28.09
150.3
85.78
60.09
120.7
22.06
158.4
93.42
25.30
42.34
58.09
25.43
187.4
84.42
89.87
155.9
98.33
46.37
194.5
49.72
34.04
21.90
89.16
178.9
24.42
24.14
35.95
47.19
127.5
21.37
40.03
147.4
37.53
24.16
33.47
202.8
51.92
25.54
103.3
151.9
144.2
94.52
37.14
179.0
120.6
94.66
132.2
167.6
20.41
23.94
34.61
21.80
20.20
184.1
35.04
129.5
35.05
161.1
171.9
85.19
101.7
28.97
71.62
124.9
24.84
166.6
70.16
20.89
128.7
92.92
143.0
61.07
38.81
117.3
27.93
108.6
29.43
28.41
42.44
28.45
20.10
229.7
94.13
28.28
76.96
31.19
24.03
155.2
39.83
34.28
174.4
126.7
186.6
31.29
143.1
174.5
149.0
113.0
91.80
191.5
95.19
107.7
146.6
61.44
136.1
119.1
29.38
43.17
116.3
58.27
66.63
138.2
87.79
148.0
176.4
36.85
29.22
34.55
23.38
45.29
119.7
20.50
150.7
37.75
45.85
181.4
144.9
142.2
30.83
106.4
24.64
50.38
83.73
48.16
24.59
29.33
44.85
81.33
28.19
57.47
36.78
154.0
27.88
40.81
34.02
142.1
52.41
150.8
104.5
81.40
124.1
150.7
31.61
161.5
104.9
24.08
52.89
87.66
26.71
26.02
108.4
138.5
139.2
62.37
150.7
143.7
164.0
47.03
142.6
23.55
28.62
21.23
183.9
107.3
21.21
133.2
73.10
138.3
123.4
23.38
28.36
95.41
24.58
24.39
107.7
141.3
32.58
54.32
179.4
44.23
71.62
91.41
90.29
27.59
178.6
103.1
67.31
29.75
51.35
164.1
84.08
77.20
187.5
122.2
124.2
20.90
193.4
24.64
43.10
51.88
36.43
63.84
42.12
238.3
200.9
209.8
51.07
48.26
37.53
25.35
188.0
20.80
126.4
127.0
24.45
22.16
26.67
34.70
130.7
180.1
62.85
43.67
129.2
23.32
41.68
76.46
21.70
170.0
170.0
139.1
36.29
106.8
56.66
42.42
154.4
187.1
137.2
127.2
21.68
49.63
54.22
28.77
63.18
35.00
98.53
114.5
133.8
134.1
33.03
159.7
70.60
130.1
33.03
32.69
67.20
21.80
59.04
197.1
29.26
44.80
27.96
30.04
29.79
28.74
20.87
97.77
40.97
43.79
68.48
24.85
58.03
191.7
20.68
82.58
48.79
168.5
118.0
61.95
156.2
22.57
21.87
147.8
102.9
199.6
127.3
105.9
213.6
58.54
131.6
25.11
114.7
146.1
96.09
177.7
36.48
53.54
147.8
53.71
108.3
120.4
21.23
106.0
184.7
23.14
58.29
43.18
35.71
29.11
188.9
210.4
76.09
24.62
96.51
186.8
41.35
29.95
170.9
138.5
34.22
163.7
27.21
196.5
161.3
63.13
107.4
22.93
138.9
38.88
34.18
214.5
33.00
109.6
63.86
178.3
31.33
21.49
149.2
120.1
163.3
194.7
115.5
217.3
135.5
27.14
24.56
77.45
23.70
54.06
30.85
25.11
29.12
132.6
113.2
155.8
50.77
227.7
22.87
47.42
35.10
80.81
46.94
151.1
44.35
64.87
144.8
24.06
169.5
36.06
43.62
143.2
45.75
107.8
30.15
23.55
76.29
21.47
23.98
150.7
24.01
37.17
205.7
108.0
32.47
21.97
108.9
133.5
126.2
25.80
105.2
145.9
61.73
60.38
117.7
155.9
180.8
125.0
116.7
136.1
24.16
51.97
27.31
104.8
91.23
29.23
29.79
23.20
151.0
39.03
45.48
47.47
22.42
151.6
185.7
121.1
31.24
134.7
30.34
165.2
178.6
51.62
21.63
20.87
173.6
145.8
58.56
128.0
66.60
22.58
133.6
25.96
180.8
140.1
184.4
34.53
23.14
88.53
154.4
20.79
20.29
20.51
20.59
20.17
38.92
117.0
23.89
75.58
28.86
47.59
124.4
24.00
21.10
48.06
72.44
41.30
24.71
153.0
39.29
129.6
131.5
26.04
46.80
165.2
105.3
122.7
187.4
33.13
45.31
24.59
23.25
45.08
164.7
197.3
83.00
113.6
53.60
61.41
67.14
45.52
166.4
112.6
69.22
24.78
155.5
149.9
59.41
22.21
28.16
150.3
31.09
48.13
37.73
118.7
79.67
49.65
67.42
79.04
94.49
38.55
22.43
97.19
36.48
194.8
203.1
23.22
23.12
197.4
42.28
92.10
41.78
103.9
144.4
47.42
188.0
197.9
153.8
92.57
71.11
159.9
61.37
36.69
28.37
117.2
108.0
143.2
43.57
101.8
55.94
39.11
126.3
43.40
27.86
135.1
57.40
112.5
63.49
34.96
123.0
176.4
37.65
20.77
126.4
116.3
136.5
30.08
90.55
150.4
26.00
164.5
29.29
24.05
23.11
23.92
171.5
131.8
32.96
117.9
87.66
41.67
198.3
77.55
119.6
125.3
85.91
154.8
20.25
38.43
23.59
29.76
30.93
26.17
197.7
29.22
105.0
59.66
104.3
20.56
91.52
139.5
146.0
74.38
65.46
194.9
174.5
138.1
27.05
110.4
57.88
72.88
26.85
105.3
39.93
44.53
59.17
119.3
175.8
25.70
98.74
102.0
21.18
25.45
116.3
21.74
66.48
116.7
35.13
146.7
83.67
183.1
26.54
86.34
28.71
23.50
22.86
35.67
35.92
92.32
30.29
160.1
26.84
47.02
147.5
83.13
76.50
20.36
157.4
27.41
141.2
27.43
21.86
21.26
53.97
170.7
147.5
136.1
31.39
31.81
155.1
165.8
103.6
32.87
80.62
90.77
139.8
148.9
22.54
26.69
27.98
186.2
29.83
21.69
20.46
118.6
61.37
54.67
40.83
24.13
24.16
26.73
26.45
24.79
109.0
60.22
116.6
185.7
103.3
116.1
123.0
78.54
155.2
154.7
127.5
100.5
20.71
33.36
57.33
90.03
33.00
186.1
92.89
157.4
124.3
80.89
20.83
115.4
117.7
128.6
174.0
89.41
45.53
157.1
83.69
36.78
207.5
122.0
27.93
30.60
144.0
32.94
22.53
27.06
155.9
48.46
21.27
29.91
170.0
37.89
97.73
106.1
24.06
102.7
163.5
32.37
35.75
102.6
21.69
25.09
109.5
30.00
35.30
132.8
108.1
86.23
20.15
63.90
61.71
50.17
22.95
23.21
143.7
205.2
37.33
203.5
129.4
103.0
21.65
109.2
58.35
162.1
33.22
134.3
85.14
41.43
156.2
142.2
126.5
43.56
26.76
103.4
59.44
174.7
126.1
144.1
147.2
51.65
87.87
180.2
95.51
128.0
23.86
25.46
147.1
37.08
179.2
147.4
91.63
37.75
99.85
40.09
144.4
42.02
73.09
126.4
57.52
20.90
53.50
152.4
37.47
144.8
29.40
23.01
32.15
128.9
51.10
106.6
44.41
41.57
90.41
156.4
170.8
56.42
161.3
82.00
27.18
21.43
130.4
160.6
110.0
130.9
26.86
23.81
45.28
38.81
149.5
177.5
61.40
158.3
154.8
22.17
26.66
95.48
42.73
55.54
163.9
166.4
158.9
28.25
113.1
111.6
75.17
182.3
50.41
75.98
158.2
26.92
105.3
151.4
41.34
32.51
26.53
116.0
106.6
133.0
167.6
79.69
141.8
116.3
120.4
172.3
114.1
29.37
124.8
92.53
183.6
47.25
171.0
26.33
145.9
24.64
50.58
147.3
105.5
30.52
121.6
68.73
25.07
163.8
35.03
117.8
178.0
28.66
33.65
158.5
127.4
138.9
33.88
152.5
52.39
24.38
170.5
21.54
57.66
26.24
44.75
36.76
20.46
114.8
197.9
82.67
28.37
96.99
165.1
136.9
36.08
178.6
20.47
166.9
32.74
22.07
31.50
39.90
26.60
120.2
50.71
70.14
144.9
63.09
37.56
150.3
35.31
64.03
27.46
124.9
114.7
20.05
36.83
46.18
40.13
20.16
182.6
28.70
166.7
20.30
23.49
94.49
24.23
170.0
33.53
205.1
21.49
21.00
68.26
29.97
182.2
22.06
62.08
113.9
174.1
194.8
47.38
155.0
27.73
166.6
106.1
115.6
86.53
23.01
78.27
88.23
104.2
23.85
50.76
23.19
134.3
98.67
114.4
73.50
28.91
92.24
101.0
38.14
20.05
160.4
37.11
30.23
35.80
110.4
24.98
50.06
60.18
165.7
91.06
168.9
143.8
128.7
151.0
82.16
50.02
24.60
152.7
91.17
77.34
114.5
107.0
124.4
81.51
88.21
27.21
150.3
44.10
124.4
42.88
160.5
26.74
57.63
52.06
23.03
35.93
40.57
163.9
24.91
22.50
24.51
40.49
47.41
29.83
27.12
47.25
34.91
217.6
102.1
63.97
57.07
138.5
191.6
37.81
49.22
98.85
36.99
144.1
126.8
174.4
51.42
87.54
25.93
151.1
165.6
29.18
127.8
116.1
205.6
155.0
111.5
22.81
32.59
103.8
166.6
24.49
20.20
173.0
25.93
47.47
33.03
119.1
142.0
111.5
116.9
81.14
69.93
34.00
116.4
28.65
24.30
58.86
150.9
32.85
20.94
47.26
54.71
102.8
28.28
153.8
140.3
46.45
43.76
190.6
146.2
43.68
27.85
53.34
152.8
24.33
41.96
148.0
125.1
49.46
140.0
111.5
26.81
44.15
45.51
166.5
24.99
114.5
41.94
142.0
202.3
39.21
40.80
148.6
30.61
45.66
133.2
35.83
102.0
24.43
74.69
129.2
36.38
49.10
49.38
24.64
138.5
60.96
46.11
37.70
132.4
70.50
25.79
21.65
126.1
22.09
100.7
214.1
220.7
22.69
111.8
109.1
181.8
35.31
109.2
103.8
137.9
118.5
156.6
112.8
30.22
148.5
38.90
27.23
21.17
33.65
95.05
87.01
181.8
179.7
96.60
88.22
99.06
188.0
28.63
110.2
162.3
22.47
121.4
162.2
25.45
88.09
20.20
22.02
30.88
181.4
21.81
94.14
25.75
37.02
29.86
107.5
119.7
113.0
102.1
220.7
20.28
168.6
23.57
149.7
62.44
45.90
79.91
89.58
157.5
68.21
21.29
34.67
23.42
135.0
164.2
103.3
82.86
49.40
28.52
20.47
27.83
165.7
116.3
23.87
51.44
143.8
175.9
20.65
79.81
164.2
48.23
71.24
83.02
168.3
198.2
20.35
167.8
200.8
34.45
31.50
20.84
31.69
23.17
23.62
60.95
21.51
173.1
26.86
23.11
133.9
84.67
24.25
28.02
26.31
144.9
35.06
141.7
34.66
50.97
20.73
21.76
122.2
185.6
166.1
172.9
150.9
134.9
166.4
54.39
30.70
150.6
23.97
104.6
21.58
56.15
146.2
157.0
44.95
177.4
178.4
68.24
29.77
121.7
22.07
146.8
132.7
119.6
23.74
20.79
41.80
154.4
120.5
190.5
82.14
40.60
112.0
22.44
20.41
142.3
23.42
126.9
68.42
33.24
36.11
41.34
120.3
169.5
154.8
21.36
23.58
64.70
157.4
97.54
48.56
25.59
27.89
150.1
130.8
50.69
140.7
115.6
59.37
131.9
39.27
213.2
80.27
27.23
168.2
28.79
97.01
61.55
31.17
119.6
151.4
121.4
21.94
48.72
165.4
81.52
38.01
37.85
175.9
24.43
119.3
28.44
141.2
35.98
69.37
40.13
151.1
60.68
64.09
28.29
42.08
104.6
24.61
99.05
115.6
58.89
30.13
149.3
24.31
151.3
25.26
33.23
41.96
139.1
69.07
104.9
25.83
136.0
33.98
189.1
74.76
31.67
87.03
103.9
79.92
20.07
24.78
43.55
87.47
53.38
59.07
165.9
29.46
22.75
145.6
36.24
33.71
158.4
40.79
22.93
39.85
122.4
143.9
153.9
31.62
103.4
26.90
20.64
38.82
154.0
91.84
43.55
26.04
87.51
141.5
106.8
29.30
127.2
45.69
232.7
162.8
20.91
149.2
30.15
49.98
21.72
34.68
22.75
63.57
55.92
103.7
124.0
200.4
80.52
65.23
25.46
32.29
114.1
26.85
29.97
40.52
92.00
90.82
37.74
140.8
97.14
114.1
22.77
89.76
43.20
174.0
26.78
109.2
185.9
160.5
22.65
30.72
29.32
80.30
35.55
75.45
71.60
150.2
48.40
125.0
99.13
20.65
33.75
172.7
33.22
25.45
37.85
173.6
164.2
38.19
114.6
88.92
20.98
36.32
155.3
31.99
74.75
32.66
40.70
44.62
24.15
54.93
22.54
106.1
51.08
174.8
35.55
124.0
146.8
96.12
176.6
101.8
20.43
21.16
130.2
22.81
61.55
24.15
52.05
21.18
32.79
27.15
46.67
187.2
44.28
64.11
39.38
185.0
167.3
125.7
52.89
21.47
186.8
129.7
153.6
79.95
34.22
166.4
93.12
20.29
127.6
75.62
21.11
155.9
120.8
30.75
46.55
154.4
28.33
47.55
94.58
43.05
34.61
75.29
39.62
27.19
149.3
87.75
31.33
49.26
126.2
64.57
50.69
60.27
21.38
169.6
131.4
33.90
131.5
20.74
20.18
198.7
56.47
26.80
57.52
22.59
187.7
30.19
170.1
187.1
128.6
25.63
146.8
111.8
125.7
144.6
26.54
97.96
107.6
184.3
64.21
27.84
26.13
46.59
21.44
52.66
54.06
29.62
104.4
84.74
40.85
172.2
42.40
26.62
115.2
121.5
29.30
20.87
53.28
147.2
87.71
114.0
68.66
44.22
44.00
110.0
34.19
176.3
89.43
57.43
174.9
138.5
46.66
129.2
38.45
202.5
147.1
109.9
181.6
85.18
132.6
182.0
158.5
24.96
86.55
99.41
25.14
172.7
162.9
23.91
22.00
32.03
21.27
112.9
146.8
91.26
38.08
92.23
117.3
156.1
24.35
40.62
30.83
148.3
29.97
127.4
70.37
20.78
24.30
64.20
130.0
32.76
164.5
42.27
211.1
20.06
57.45
50.29
97.53
33.78
33.69
46.14
55.95
100.8
32.32
20.39
21.15
21.75
178.8
161.9
85.02
91.94
181.9
127.4
37.54
21.34
109.0
101.7
29.33
166.0
64.57
22.40
165.4
39.59
41.59
56.84
54.64
56.02
82.36
164.9
21.94
20.85
30.78
36.78
83.94
65.29
83.03
84.88
28.94
39.79
26.43
99.55
164.8
100.3
28.30
82.94
28.17
96.90
30.06
22.12
81.99
125.4
119.6
29.12
20.59
99.68
79.77
46.73
147.9
23.91
38.04
43.87
32.97
21.81
189.3
45.95
26.64
20.42
101.4
102.3
44.00
144.1
91.78
62.36
27.32
28.66
64.55
32.73
87.79
139.9
48.16
139.5
95.03
54.35
73.45
31.56
53.52
140.6
33.75
88.23
32.21
56.70
100.1
37.22
38.51
47.21
61.47
155.4
111.7
56.31
20.38
152.9
122.2
123.8
117.2
60.77
62.39
24.62
21.32
54.94
24.99
129.3
59.00
25.57
31.77
22.85
109.3
21.97
45.28
52.25
47.10
156.9
25.87
191.4
24.94
46.60
179.0
46.62
71.46
23.19
124.0
32.86
20.55
106.6
32.49
192.4
77.90
121.4
33.95
29.16
52.61
28.85
50.25
80.84
36.62
166.6
33.86
52.18
64.41
126.5
56.02
40.12
27.07
208.4
25.09
39.95
61.04
187.1
21.17
21.55
91.75
53.88
25.34
25.07
95.09
99.93
37.26
150.7
152.8
126.1
34.10
48.95
163.9
52.68
34.29
66.01
50.59
131.8
103.2
36.10
23.39
43.53
60.07
35.14
26.36
70.22
94.80
111.6
42.54
40.87
57.82
46.15
39.63
21.58
55.94
48.36
34.84
32.83
24.94
123.1
40.31
36.33
124.1
98.47
164.8
49.61
29.92
51.34
27.88
22.24
20.70
44.52
124.8
166.5
21.78
81.78
23.07
217.2
21.37
27.76
43.87
34.49
155.6
47.07
27.50
22.14
24.17
55.55
64.01
35.39
24.89
23.63
27.86
33.95
48.23
182.2
39.62
68.85
131.6
25.89
56.87
55.02
100.9
23.98
21.16
144.7
52.91
61.49
148.2
46.77
46.89
21.86
38.47
102.2
43.72
61.29
35.40
24.99
54.04
55.95
145.7
49.85
57.58
105.1
58.60
51.13
26.76
26.99
28.67
20.10
36.84
107.1
121.6
28.27
31.67
89.94
126.1
175.8
40.47
40.36
165.6
112.4
55.46
52.04
212.2
173.2
24.89
53.48
20.94
38.05
76.21
166.1
21.73
21.43
24.34
29.77
32.25
55.05
82.39
61.46
34.67
21.62
21.08
44.72
40.63
64.22
127.3
148.8
63.89
46.49
161.5
23.35
126.3
129.6
28.73
23.36
42.69
46.95
44.33
25.54
163.4
112.1
140.5
37.11
22.59
96.86
165.1
105.5
20.19
36.31
27.04
113.5
21.83
29.31
162.2
67.67
47.12
33.85
125.3
20.07
118.6
55.48
190.4
41.90
125.2
41.99
47.93
106.5
42.61
32.13
151.3
33.86
28.64
24.48
70.70
68.26
124.9
36.64
44.99
195.1
47.29
26.95
189.2
27.91
129.9
23.68
183.6
150.3
65.84
130.1
134.1
146.4
42.41
85.62
33.22
204.9
42.62
106.5
150.7
109.1
20.83
102.7
128.7
21.62
21.65
20.91
48.75
66.57
23.70
23.53
78.48
27.03
21.92
122.6
32.84
42.27
21.58
147.0
139.7
181.3
73.15
22.69
30.13
101.3
173.5
31.50
23.07
30.02
20.23
22.17
33.86
136.8
156.2
106.2
110.3
33.93
68.47
151.4
65.39
21.11
50.26
22.59
22.29
31.44
121.1
153.2
171.7
163.1
40.82
54.06
39.79
80.03
164.5
22.15
140.2
54.04
111.9
100.8
52.06
34.37
119.1
20.96
42.19
24.08
101.9
30.22
20.28
25.52
73.17
163.9
177.9
28.76
36.67
20.73
26.38
103.4
55.31
20.20
23.22
21.34
29.44
81.08
48.78
135.2
51.66
32.21
60.62
21.97
109.2
131.1
50.68
52.80
23.37
47.21
33.48
40.39
102.0
112.9
122.8
53.21
26.17
161.9
38.46
137.2
30.85
90.16
104.7
114.3
36.68
42.44
22.41
25.98
98.45
105.5
125.4
70.28
33.95
35.75
31.12
65.25
24.07
33.59
56.93
27.24
118.1
144.7
46.33
106.1
132.2
21.01
22.00
178.2
197.0
183.6
55.37
43.10
24.49
61.56
27.14
37.09
43.58
21.30
141.3
40.24
151.7
36.97
120.8
127.1
47.62
56.79
27.53
151.0
44.26
21.19
102.3
135.7
67.42
153.6
58.16
92.59
52.04
173.0
42.88
165.5
47.30
180.4
127.8
20.20
50.99
54.93
69.05
102.4
110.8
85.92
39.69
110.5
133.8
24.67
20.63
34.03
127.3
37.09
136.7
82.64
46.61
28.84
50.26
173.5
41.39
26.75
137.2
128.8
55.07
155.9
26.28
21.58
21.08
133.9
103.6
21.40
22.82
37.31
54.31
104.3
138.6
192.0
37.77
20.83
21.80
29.12
78.44
47.77
56.78
31.02
35.93
36.09
25.78
27.96
114.8
197.1
168.4
143.6
70.99
113.8
133.6
40.42
136.6
134.2
26.27
207.6
26.49
20.38
37.27
33.27
109.5
45.83
21.98
23.43
25.69
25.81
22.94
115.8
157.4
49.76
38.98
125.3
131.0
47.62
202.9
138.2
150.0
38.99
61.17
144.6
43.33
24.54
44.18
20.09
122.6
137.3
85.51
159.6
53.03
30.77
45.94
34.81
25.71
22.06
31.58
93.96
36.79
78.93
47.99
32.03
170.5
25.24
126.9
22.06
190.2
114.6
45.23
162.1
51.51
141.6
92.98
185.4
28.66
58.84
20.76
30.50
65.91
88.81
164.4
53.60
133.1
87.07
31.37
20.91
40.03
20.21
144.1
45.95
78.93
202.4
102.3
112.4
51.16
120.8
51.30
20.12
28.53
46.90
174.6
96.47
111.5
23.78
212.3
147.9
31.30
23.59
132.8
138.6
44.83
117.6
146.7
25.91
20.46
52.85
20.36
78.84
47.49
40.45
169.8
22.29
39.48
21.73
205.2
29.12
133.9
110.1
101.2
23.82
34.31
25.24
71.28
38.06
29.31
70.66
46.86
20.77
31.15
58.74
164.2
133.7
34.05
46.76
174.6
114.8
26.19
121.6
21.88
80.15
170.7
60.38
22.90
46.62
175.0
188.4
115.2
81.02
43.74
32.43
25.09
70.75
20.20
60.27
21.35
108.3
158.4
59.01
98.47
34.70
162.2
156.4
48.14
166.7
36.43
22.16
31.41
30.74
22.22
79.56
122.3
62.23
148.2
55.81
136.4
100.2
153.1
85.77
28.07
113.5
23.09
62.89
138.7
107.9
21.13
119.0
45.13
21.61
168.6
23.60
116.4
171.5
118.4
112.7
41.89
28.66
50.69
75.07
166.8
93.73
140.5
55.12
23.22
20.34
73.04
25.66
39.03
25.70
50.09
63.52
32.05
153.8
58.26
185.0
31.38
21.39
86.99
164.6
49.84
42.74
27.20
182.6
34.57
181.9
52.12
107.5
88.01
108.2
53.50
20.31
124.7
28.62
22.02
20.36
168.4
167.4
32.38
162.4
20.16
26.47
106.0
23.70
33.83
121.3
49.33
61.75
20.36
69.32
42.72
31.80
137.5
35.65
102.8
55.36
184.6
21.86
26.02
129.0
171.2
32.74
20.22
187.3
39.63
36.77
20.82
86.55
25.11
25.46
209.1
42.73
84.34
24.50
173.7
35.87
20.84
193.0
36.73
170.5
68.45
162.5
75.69
20.54
20.25
146.9
29.02
31.24
49.49
159.1
157.3
154.7
21.43
23.64
36.93
21.90
53.03
30.61
95.39
119.4
124.8
136.5
66.57
141.8
153.8
91.42
33.16
22.71
31.75
20.82
129.0
86.95
42.62
89.02
20.89
156.1
67.96
41.74
150.2
30.56
132.3
104.1
23.41
89.65
194.4
132.1
45.42
148.8
37.73
24.73
166.1
29.93
20.97
103.1
20.18
31.74
167.9
23.07
175.0
111.6
90.94
52.35
85.15
60.52
33.55
115.5
40.23
113.8
25.61
32.32
109.9
22.59
27.89
22.51
141.6
35.61
20.92
169.8
20.15
103.7
23.42
117.3
82.40
138.1
125.6
125.8
22.16
27.64
23.68
34.60
80.98
175.1
170.4
25.81
167.3
41.78
108.0
45.22
54.86
21.10
111.5
53.13
50.31
134.3
41.60
169.9
87.36
21.73
47.75
187.6
21.99
125.1
106.8
34.05
55.31
101.4
162.7
108.4
97.04
22.04
27.03
21.69
72.19
114.0
26.94
24.17
20.58
125.9
124.0
23.98
45.98
103.3
116.7
195.4
21.82
30.49
171.6
21.35
22.02
112.2
95.57
146.2
104.8
157.3
68.18
48.35
73.42
118.4
31.38
110.5
106.5
117.1
122.8
51.29
111.6
51.39
127.1
27.14
60.91
105.3
27.78
28.12
20.92
129.1
20.26
41.18
118.0
22.51
35.85
154.9
22.02
93.20
44.08
169.9
142.3
47.16
28.37
104.6
146.0
61.27
38.30
61.13
60.99
177.6
173.5
22.19
21.30
160.3
207.5
38.74
100.7
84.15
42.04
28.96
177.6
29.67
29.07
162.4
26.41
30.16
33.11
96.88
73.83
21.83
112.8
65.87
42.22
127.2
24.73
175.6
21.21
49.18
102.9
50.61
165.5
26.95
211.4
43.32
84.04
21.54
160.0
27.52
148.4
183.9
61.06
113.2
30.23
126.7
34.68
43.26
191.6
20.75
82.03
48.98
55.65
27.86
24.48
138.2
33.00
29.37
46.01
121.9
108.3
123.5
35.40
23.37
20.65
27.12
20.55
23.28
24.34
141.6
114.2
59.52
133.5
29.66
50.60
47.48
25.30
132.9
21.14
208.0
133.5
33.28
36.21
25.43



















































































































































































































































































































































































































































































































































































































































































































































































































































































































































































































































































































































































































































































































































































































































































































































































































































































































































































































































































































































































































































































































































































































































































































































































































































































































































































































































































































































































































































































































































































































































































































































































































































































































































































































































































































































































































































































































































































































































































































































































































































































































































































































































































































































































































































































































































































































































































































































































































































































































































































































































































































































































































































































































































































































































































































































































































































































































































































































































































































































































































































































































































































































































































































































